   I        Q 
2.617188e-01 3.243906e+01 
1.282698e+01 1.612209e+01 
6.912836e+00 1.080052e+01 
1.605992e+01 3.915731e+00 
4.464413e-01 3.689068e-01 
6.423755e+00 8.032550e+00 
8.983170e+00 1.410720e+01 
2.766685e+01 -7.068703e+00 
1.579320e+00 -4.043340e+00 
1.686394e+01 -1.392929e+01 
-2.058972e+00 -4.059110e+00 
9.641538e+00 -2.154546e+01 
-1.288500e+01 -4.412827e+00 
-3.030422e+00 -2.624990e+01 
-4.574288e+01 1.662501e+01 
1.637710e+01 2.720832e+01 
8.931791e+00 1.748045e+00 
1.379798e+01 -2.381428e+00 
-4.540569e+00 -2.485343e+01 
-1.842837e+01 1.485216e+01 
-5.379099e+00 -6.982577e-01 
1.437465e+01 2.609385e+01 
7.235129e-01 -2.094383e+01 
2.917947e+00 1.024358e+01 
4.254700e+00 -7.799951e+00 
-2.101719e+01 -7.986533e+00 
1.490999e+01 2.715329e+01 
-1.115558e+01 -1.828208e+01 
1.322270e+01 1.974820e+01 
6.662197e-01 -1.770357e+01 
-2.569648e+01 1.020225e+00 
1.291813e+01 3.195649e+01 
-1.564527e-01 -2.474446e+00 
2.779147e+01 4.852828e+00 
-1.707908e+01 -7.816376e+00 
1.813474e+01 7.961847e+00 
-6.795263e-01 -2.377848e-01 
7.841500e+00 -7.347491e+00 
8.471755e+00 1.126883e+01 
6.377709e+00 -3.572643e+01 
-2.110701e+01 1.644530e+01 
2.776627e+00 -7.833893e+00 
-6.175704e-01 1.436008e+01 
-5.636460e-01 2.713915e+00 
2.082168e+01 -2.368733e+00 
-1.506305e+01 -8.498227e+00 
3.264600e-01 1.048248e+01 
1.112147e+01 7.701232e+00 
1.224445e+01 -4.630432e+00 
-3.340790e+00 -1.901573e+01 
-8.162782e+00 1.494843e+01 
3.132568e+00 9.482680e+00 
3.708980e+01 -5.025300e+00 
-1.900573e+01 -1.428710e+01 
2.245085e+01 -5.088138e+00 
-6.936165e+00 -8.513091e+00 
1.091933e+00 -1.836652e+01 
-8.939364e+00 -8.159391e+00 
-2.560747e+01 7.731789e+00 
2.001605e+01 9.665825e+00 
-4.050474e+00 -5.037542e+00 
4.005070e+00 -3.610764e-01 
1.713989e+01 -1.040384e+01 
-2.213210e+01 -1.963916e+01 
-6.071092e+00 -4.307303e+00 
-2.033532e+01 2.639905e+01 
3.103608e+01 -1.653533e+01 
-2.525793e+01 -7.367147e-01 
3.130331e+00 3.878432e-01 
6.915393e-01 -4.144461e+00 
-2.093314e+01 -4.958929e-01 
2.411348e+00 1.475928e+01 
9.238071e+00 1.705918e+00 
-1.358366e+01 -1.010039e+00 
2.629068e+01 6.876838e+00 
-1.888224e+01 -1.909288e+01 
1.375250e-01 4.849981e+00 
-1.074445e+01 5.670012e-01 
-1.424891e+01 1.896835e+01 
3.474479e+01 1.170092e+01 
-5.370301e+00 -1.500544e+01 
4.647797e+00 -3.766338e+00 
-3.899936e+00 -4.619832e+00 
-1.537560e+01 1.309526e+01 
2.738616e+01 2.136351e+00 
8.906407e-01 2.973891e+00 
1.124175e+01 -2.876117e+01 
-6.878702e+00 3.243240e+00 
-1.277042e+01 -9.763360e+00 
1.521625e+01 -2.313724e+00 
-1.899072e+01 -5.905651e+00 
6.803309e-01 -1.401426e+01 
-1.320601e+01 1.450487e+01 
3.638999e-01 -1.403714e+01 
-3.236417e+00 -3.686371e+00 
-4.063622e+01 -8.888935e+00 
-1.507629e+00 3.910953e+01 
-5.901608e+00 5.831543e+00 
2.105774e+01 2.690534e+01 
1.600475e+00 -1.173438e+01 
1.909891e+01 1.696613e+01 
2.844086e-01 -2.545986e+01 
2.439201e+00 2.378248e+01 
2.023090e+01 -3.341023e+01 
-2.158272e+01 1.228488e+01 
1.519442e+01 -1.929446e+01 
-7.219371e+00 7.392823e+00 
-7.696805e+00 -2.453565e+01 
-7.441888e+00 1.313562e+01 
-6.786728e+00 -2.970882e-01 
5.380646e-01 -1.066256e+01 
-1.423590e+01 2.535466e+01 
2.132173e+01 -1.357293e+01 
-1.259096e+00 -7.895172e+00 
-2.251492e+01 -1.678095e+01 
-1.117646e+01 7.342394e+00 
-1.521860e+01 1.875261e+01 
1.022274e+01 -4.870479e+00 
-7.562583e+00 1.400902e+01 
-7.342960e+00 -2.093326e+01 
-2.011579e+01 3.428572e+01 
9.990793e+00 8.743384e+00 
1.232802e+01 2.520638e+00 
-1.851046e+01 6.918967e+00 
2.114295e+01 1.159475e+01 
-2.897286e+00 5.189978e+00 
1.210678e+01 -8.322100e+00 
-1.113617e+01 1.237898e+01 
1.693741e+01 3.558351e+00 
2.533666e+00 -4.099976e+00 
-2.059302e+00 -2.525721e+00 
4.185224e-01 1.196540e+01 
1.021100e+01 3.697880e+00 
2.281786e+01 -5.703998e+00 
-1.449913e+01 -1.636964e+01 
9.291388e+00 -3.081324e+00 
-1.847647e+01 8.036352e+00 
1.698144e+01 -9.485353e+00 
-6.381308e+00 9.403009e+00 
3.523948e-01 -2.295892e+01 
-2.031408e+01 1.855380e+01 
1.897415e+01 1.343692e+01 
-1.151860e+00 -1.620111e+01 
5.329405e+00 9.310076e+00 
-1.336445e+01 -2.813841e+00 
2.295381e+01 1.610677e+01 
1.084979e+01 -1.891574e+01 
-1.732438e+01 -7.816107e+00 
2.528425e+01 1.081929e+01 
-1.474286e+01 -3.374967e+01 
-8.511737e+00 9.273729e+00 
-7.244802e+00 -5.605962e-01 
-2.028137e+00 9.390878e+00 
1.413769e+01 3.689526e+00 
4.010348e+00 -2.843122e+01 
-3.992367e+01 1.805600e+01 
4.109338e+01 1.292861e+00 
-3.290984e+01 -1.350341e+00 
2.031643e+01 6.522523e-01 
5.635492e+00 1.100285e+01 
-8.946162e+00 -3.388048e+01 
1.887496e+00 2.961661e+01 
4.763607e+00 -1.278404e+01 
1.730712e+01 -1.016498e+01 
-1.179969e+01 -1.694990e+01 
-1.047021e+01 -2.109557e+01 
-3.189743e+01 1.208049e+01 
1.085130e+01 1.081699e+01 
-8.210626e+00 -8.460924e+00 
-8.074618e+00 2.658262e+00 
1.456331e+00 5.248648e+00 
-1.587616e+01 -7.641820e+00 
4.551802e+00 1.120235e+01 
-1.713955e+01 4.396097e+00 
1.579017e+01 2.763314e+00 
-6.635018e+00 -3.682639e+00 
-1.643863e+01 -2.255078e+00 
7.999482e+00 7.798396e+00 
-1.989235e+01 1.012405e+01 
1.578041e+01 -3.755545e+00 
-8.484990e+00 9.480207e+00 
-1.376621e+01 -4.607256e+00 
1.662123e+01 2.238187e+01 
-4.800546e+00 -4.352168e+00 
1.589996e+01 -8.314917e+00 
-1.422771e+01 -6.768641e+00 
-1.405379e+01 6.462882e+00 
1.757177e+01 -7.254370e+00 
-4.702563e+01 1.151693e+00 
1.946469e+01 2.417362e+01 
-8.698300e+00 -2.012043e+00 
-5.878470e+00 1.242051e+00 
3.144655e-01 1.614498e+01 
-2.159656e+01 -9.891169e+00 
4.151830e+00 5.033532e+01 
8.243136e+00 -1.672053e+01 
-7.606208e+00 3.211085e+01 
1.343986e+01 1.269287e+01 
1.407519e+01 1.491454e+01 
3.005876e+01 5.506089e+00 
-3.006878e+00 -1.949609e+01 
1.239460e+01 1.410971e+01 
-1.137880e+00 -2.635808e+00 
2.287939e+01 3.674967e+00 
7.126729e-01 -1.416213e+01 
-1.608573e+00 7.336771e+00 
1.388974e+01 -9.662127e+00 
-6.820601e+00 5.816758e+00 
1.811071e+00 1.666657e+00 
3.621600e+01 1.138752e+01 
-1.154147e+01 -4.034162e+01 
-1.156531e+00 1.348711e+01 
5.981249e+00 -3.061034e-01 
3.125603e+00 -1.703070e+01 
1.608257e+00 9.737393e+00 
4.779928e+00 -2.054797e+01 
-6.315320e+00 -2.434942e+00 
-3.326677e+00 -8.066459e+00 
-8.750107e+00 -3.581707e+00 
-1.119123e+01 -2.495521e+00 
-6.774244e+00 1.223007e+01 
-1.483517e+00 4.944150e+00 
5.972394e+00 -3.634435e+00 
-2.319436e+01 1.152770e+01 
1.149626e+01 1.293513e+01 
2.190243e+00 2.202886e+01 
2.737214e+01 -5.466671e+00 
-1.091264e+01 -4.412425e+00 
1.787009e+01 2.959929e+01 
2.892165e+01 -2.340985e+01 
-2.383889e-01 -2.599219e+00 
1.618842e+01 -1.072610e+01 
-3.910720e+00 -2.145925e+01 
-1.898984e+00 5.427693e+00 
-2.363307e+00 -1.456266e+01 
-3.013406e+00 1.346895e+01 
2.310447e+01 8.649355e-01 
1.924645e+00 -2.234270e+01 
1.957785e+01 -3.640994e-01 
-1.392215e+01 -4.379114e+01 
-8.722775e+00 9.291627e+00 
-4.877561e+00 -1.983235e+01 
-1.506892e+01 1.955402e+00 
5.895205e+00 -1.029657e+01 
-3.072751e+01 -1.929385e+00 
1.571635e+01 7.397695e+00 
-2.078836e+01 -1.490738e+01 
-9.403957e+00 1.195585e+01 
6.943990e-01 7.669366e+00 
-2.900137e+00 -6.682196e-01 
1.703665e-01 7.444965e+00 
3.334869e+00 2.391837e+00 
4.428763e+00 2.048449e+00 
1.567845e+01 -6.648815e+00 
-1.536549e+01 -2.466445e+01 
-1.439029e+01 1.795577e+01 
1.231270e+01 2.076675e+00 
-4.983635e+00 -1.072177e+01 
-2.603130e+00 1.320379e+01 
9.388737e+00 -9.672580e+00 
-1.919562e+00 3.528794e+00 
7.561687e+00 -8.189034e+00 
5.289403e+00 -6.425863e+00 
-4.151727e+00 -2.407277e+01 
-1.734300e+01 2.779889e+00 
-2.281785e-01 -1.023392e+01 
-8.160896e+00 1.052603e+00 
-1.859043e+01 -1.858593e+01 
-1.323423e+01 2.009177e+01 
-1.704822e+01 3.097595e+00 
9.402265e+00 2.763349e+01 
1.279933e+01 2.798310e+00 
1.971427e+01 -5.760670e+00 
2.728422e+00 -3.545993e+01 
-3.441661e+01 4.491002e+00 
3.871382e+00 -3.238284e+00 
-1.431424e+01 7.645929e+00 
-1.245366e+01 1.562945e+01 
4.116667e+01 1.711172e+00 
-2.077937e+01 -1.132606e+01 
2.332435e+01 -2.754968e+01 
-4.035127e+01 -1.434973e+00 
-7.460933e+00 -6.415148e+00 
-9.461605e+00 1.252985e+01 
-1.494329e+01 1.319317e+00 
1.940108e+00 8.421133e+00 
-3.341940e+00 3.764621e+00 
-5.585805e+00 1.324437e+00 
3.874163e+00 -5.516664e+00 
-2.231983e+01 7.311585e+00 
8.660563e+00 4.642178e+00 
-1.323972e+01 -6.706373e+00 
-1.377127e+01 2.485009e+01 
1.787826e+01 -4.810585e+00 
-1.409134e+01 5.800344e+00 
-9.734790e+00 2.051528e+00 
1.061971e+01 3.345674e+01 
2.321145e+01 -1.650041e+01 
-6.622040e+00 -1.425138e+01 
-1.787407e+01 2.166705e-01 
5.739427e+00 1.783829e+01 
-2.875475e+00 -1.487109e+01 
4.938408e+00 1.707035e+01 
-8.895374e+00 -2.323376e+01 
-9.335576e+00 1.647135e+01 
-5.022666e+00 8.300023e+00 
9.228044e+00 1.866941e+00 
-6.083900e+00 3.589944e+00 
1.217269e+00 1.052741e+01 
1.571786e+01 -1.793507e-01 
5.440419e+00 -4.624692e+00 
-3.006690e+00 -2.071722e+01 
-1.498054e+01 1.186216e+00 
-1.604848e+01 1.538981e+01 
2.657166e+01 1.350827e+01 
1.129252e+01 -1.831026e+01 
-9.675304e+00 -2.380149e+01 
-1.476732e+01 5.028986e+00 
6.474056e-01 -1.453328e+01 
-3.420103e+01 2.235944e-01 
9.569301e-01 1.102745e+01 
-2.151812e+01 1.859046e+01 
2.896584e+01 -7.377437e-01 
-2.186928e+01 -4.848915e+00 
-1.232751e+00 2.570685e+00 
-1.146650e+00 6.948108e+00 
-5.479202e+00 -8.288524e+00 
-1.839724e+01 -3.629045e+00 
-1.125124e+01 2.940487e+01 
1.202463e+01 -6.851656e+00 
-1.649985e+01 1.455463e+00 
-1.187847e+01 1.516312e+01 
2.416128e-01 1.219353e+01 
6.932909e+00 1.413519e+01 
-8.593708e+00 -6.594172e+00 
3.786034e+00 2.982437e+01 
1.254195e+01 -8.715843e+00 
-5.817824e+00 7.873836e+00 
1.002829e+01 5.649412e+00 
4.255700e+00 -7.599887e+00 
-1.294110e+01 -5.690941e-01 
7.795732e+00 1.123955e+01 
-1.271835e+01 -1.025587e+01 
2.119518e+00 2.733288e+01 
1.196738e+01 -1.296429e+01 
-1.237578e+01 8.686521e+00 
1.123609e+01 3.270044e-01 
-7.564151e+00 1.836009e+00 
-2.014401e+00 3.497603e+00 
2.264003e+01 1.343789e+01 
-1.233761e+01 -4.315191e+01 
-1.056519e+01 2.185664e+01 
-2.380748e+01 -2.044466e+01 
-1.123373e+01 3.375884e+01 
-5.857047e+00 1.058124e+01 
1.063708e+01 1.647751e+01 
3.785973e+00 3.123007e+00 
-5.036109e-02 7.766812e-01 
5.173023e-01 3.385830e+00 
-8.742552e+00 -2.496282e+00 
-2.202763e+01 1.372996e+01 
8.201456e+00 3.650574e+01 
1.558735e+01 1.747987e+00 
-2.096484e+00 7.582799e+00 
8.951901e+00 2.484451e+01 
2.565731e+01 7.149677e-01 
1.490839e+01 -4.347550e+00 
-1.552229e+00 -1.470592e+01 
2.496575e+00 1.109512e+01 
1.072429e+01 -1.469159e+01 
-1.203265e+01 -2.126506e+00 
-6.557264e+00 -1.201326e+01 
-3.231228e+01 3.603751e+01 
4.171813e+01 9.726261e+00 
-2.092899e+01 2.192688e+00 
2.540218e+01 2.041889e+01 
1.851003e+01 -4.717602e+00 
5.136333e-01 -2.170548e+01 
-1.392658e+01 9.179930e+00 
2.278401e+00 1.851815e+01 
2.945944e+01 9.845595e-01 
-5.743123e+00 -1.527000e+01 
-2.541547e+00 8.693749e+00 
1.705411e+01 1.165197e+01 
1.447843e+01 -1.841323e+01 
6.108710e-01 -1.243583e+01 
-1.617022e+01 -6.054259e+00 
1.242855e+01 7.995237e-01 
-3.388559e+01 -1.627879e+01 
6.895383e+00 4.570467e+01 
1.571233e+01 -2.157282e+01 
-2.730812e+00 1.489202e+01 
7.706852e+00 -1.949672e+01 
-1.754319e+01 9.472686e+00 
1.112559e+01 1.090683e+01 
6.574734e+00 -1.526493e+01 
-2.465529e+01 1.678143e+00 
3.280078e+00 2.826945e+01 
1.937307e+01 -2.888953e+00 
-8.457370e+00 3.538879e+00 
1.942010e+01 1.470894e+01 
1.626151e+01 -1.461331e+01 
3.497213e+00 -8.007676e+00 
-1.608863e+00 -1.717629e+01 
-3.699503e+00 -1.786398e+00 
-1.575713e+01 -1.121828e+01 
1.032054e+01 1.066267e+01 
-2.340942e+01 -3.426871e+01 
-2.487861e+01 2.926419e+01 
-6.054071e+00 2.039416e+00 
-1.327851e+01 2.224494e+01 
-6.742350e+00 2.188967e+01 
1.947454e+01 2.897166e+01 
1.288450e+01 1.274138e+00 
8.609589e+00 2.543502e+00 
1.565621e+00 1.469158e+01 
1.712743e+01 4.298692e+00 
1.645865e+01 6.427659e+00 
7.854687e+00 -1.356235e+01 
9.258663e-01 5.166502e+00 
6.873683e+00 6.294713e+00 
2.638871e+01 2.793383e+00 
3.684748e+00 -3.343083e+01 
-1.083342e+01 1.099621e+01 
6.940505e+00 -1.566842e+01 
-1.158949e+01 -1.374622e+00 
-1.467377e+01 1.936710e+01 
2.823157e+01 -3.799905e+00 
-2.174094e+01 1.254183e+01 
2.741235e+01 -1.735348e+00 
-6.432169e+00 3.298577e+00 
6.181151e-01 3.325184e+00 
1.288403e+01 1.582960e+01 
2.095042e+01 9.110491e+00 
2.461465e+01 -2.524990e+01 
-9.181374e+00 1.694552e-02 
1.875010e+01 -1.315860e+00 
1.337836e+01 -1.443622e+01 
-3.403093e-02 -1.321156e+01 
1.471785e+01 -1.272632e+01 
-2.317574e+01 -3.163756e+01 
-1.026220e+01 2.359988e+01 
5.834398e+00 3.117323e+00 
3.373488e+01 -7.128038e+00 
-1.597212e+01 -2.995470e+01 
1.007757e+00 -5.059754e+00 
-5.861845e+00 -8.321395e+00 
-8.068507e+00 -1.365924e+01 
-4.397685e+00 -1.617320e+00 
-6.267711e+00 -9.689659e+00 
-1.173238e+01 -1.039605e+01 
-8.420505e+00 -5.890172e+00 
-3.346741e+01 -2.446788e+00 
-8.105052e+00 2.089985e+01 
2.348831e+00 2.437904e+01 
1.861049e+01 -1.713579e+01 
-1.807559e+01 -2.948472e+00 
-1.757213e+01 3.691194e+00 
6.248072e-01 3.040763e+01 
2.230277e+01 1.560435e-02 
6.556721e-01 -1.449727e+01 
-1.580249e+01 2.077463e+00 
7.308585e+00 1.599552e+01 
1.026415e+01 -5.242985e+00 
1.576243e+00 -7.983503e+00 
3.433310e+00 -9.280853e+00 
-2.873694e+01 -9.786128e+00 
1.535325e+01 1.991967e+01 
-2.090183e+01 -2.400548e+01 
-1.215696e+01 2.040248e+01 
-2.716083e+00 2.050491e+01 
2.149351e+01 5.178022e+00 
5.691984e+00 -1.813048e+01 
-2.106413e+01 4.501087e+00 
8.898980e+00 9.296558e-01 
-9.074026e+00 9.821498e+00 
9.393690e+00 -1.010929e+01 
-1.560473e+01 6.843723e+00 
3.987499e+00 -1.542279e+00 
-9.821108e+00 1.194975e+01 
5.794234e+00 -1.026999e+01 
-1.769661e+01 2.142147e+01 
1.640531e+01 -9.391962e-01 
-1.744146e+00 -5.524065e+00 
-2.338081e+01 4.648148e+00 
4.331280e+00 1.423188e+01 
9.303923e-02 1.787059e+01 
-2.951765e+00 -5.044602e+00 
7.132686e+00 2.970662e+01 
9.271939e+00 7.028565e+00 
2.813391e+01 -7.676974e+00 
-1.262495e+01 -6.855273e+00 
-7.691313e+00 3.572116e+00 
8.669966e+00 2.407664e+01 
1.748809e+01 3.873751e-01 
1.943127e+00 -6.813593e+00 
1.455960e+01 1.602634e+01 
1.170415e+01 -1.227742e+01 
1.695683e+01 -6.693287e+00 
-6.704236e-01 -1.668830e+01 
-1.186037e+00 -1.011227e+01 
-3.221313e-01 -1.933811e+01 
-3.465970e+01 -7.447673e+00 
-1.721591e+01 2.369694e+01 
1.486363e+01 2.083061e+01 
4.172988e+00 -6.764241e-01 
-4.531169e+00 -6.563853e+00 
8.650981e+00 4.205164e+01 
2.816730e+01 -3.208549e+01 
-1.986513e+00 -2.734381e+00 
-1.616844e+01 -3.813157e+00 
8.114486e+00 -1.871348e+00 
-6.967187e+00 2.116484e+01 
1.647781e+01 -1.518371e+01 
-1.690487e+00 4.418244e+00 
-8.466181e-01 -2.052912e+00 
8.830435e-01 -9.914427e-01 
1.157146e+01 7.044739e+00 
-5.830008e+00 -1.383488e+01 
3.331335e+00 6.645174e+00 
1.023544e+01 1.907279e+00 
-4.053294e+00 -1.909480e+01 
6.473713e-01 -1.659907e+00 
-2.441622e+01 1.444331e+01 
3.770124e+01 1.923865e+00 
-7.508085e-01 -1.197606e+01 
-4.173113e+00 -2.903113e+01 
-1.787702e+01 1.679408e+00 
-1.812422e+01 8.785524e-02 
-7.690273e+00 1.481647e+01 
1.167370e+01 5.037218e+00 
-2.295022e+01 -3.882936e+00 
1.580338e+01 2.060568e+01 
-1.118159e+01 -8.244929e+00 
6.211974e+00 1.613304e+01 
-4.011997e+00 9.939094e-01 
2.183266e+01 1.519419e+01 
-2.948465e+00 -2.767888e+01 
-1.059571e+01 1.004076e+01 
-3.940654e+00 1.295263e+01 
1.424218e+01 -4.561189e+00 
-9.917498e+00 8.564159e+00 
1.015157e+01 4.343587e+00 
3.540197e+00 -7.348828e+00 
-1.143461e+01 1.720104e+01 
2.150721e+01 1.836621e+00 
3.179960e+00 7.705000e+00 
3.028875e+01 -1.009393e+00 
8.881617e+00 -4.330071e+01 
-2.359116e+01 -4.967403e-02 
-2.946133e+00 -2.570287e+01 
-4.087268e+01 2.567826e+01 
3.703245e+01 2.330611e+00 
-4.320278e+01 -1.852541e+01 
-5.230354e-01 2.590464e+01 
-1.854684e+01 2.560889e+01 
2.419312e+01 1.826607e+01 
2.297851e+01 2.012190e+01 
1.327087e+01 -3.040209e+01 
-6.711963e+00 1.514122e+01 
1.891121e+01 -2.713180e+00 
-1.326023e+01 -4.065805e+00 
2.943677e+01 1.543791e+01 
-5.617502e+00 -1.099269e+01 
2.534608e+01 -7.218358e+00 
-3.057523e+00 -1.126439e+00 
1.172159e+01 -2.245801e+01 
-6.067503e+00 -1.708044e+01 
-2.334306e+01 1.311686e+01 
1.828922e+01 -1.865290e+01 
-2.423205e+01 1.725448e+01 
1.341633e+01 -4.441637e+00 
-2.715144e+00 -1.150036e+00 
1.613034e+00 1.186055e+01 
7.690561e+00 -7.975010e+00 
2.023293e+01 -4.046085e+00 
-1.814695e+01 -9.405150e+00 
2.651043e+01 -2.211503e+01 
-4.013813e+01 -7.195362e+00 
-5.291463e+00 5.825708e+00 
5.818358e+00 6.861172e+00 
-1.032332e+01 4.906223e+00 
1.553749e+01 -1.080180e+01 
-9.726724e+00 3.265515e+00 
8.349684e-01 -5.379698e+00 
6.403732e+00 -1.894624e+01 
-2.996769e+01 2.700833e+00 
-8.960036e+00 -6.272678e+00 
-8.439916e+00 2.396210e+01 
-7.654992e+00 3.427612e+00 
1.260365e+01 1.176527e+01 
2.622469e+00 2.736902e+00 
1.565913e+00 -7.570200e+00 
4.374797e+00 -4.852545e+00 
-2.088526e+01 -2.539792e-01 
1.825374e+00 7.413651e+00 
1.028111e-02 3.169100e+00 
-1.040628e+01 9.318602e+00 
1.410254e+01 -5.279500e+00 
-1.332062e+01 1.495059e+01 
5.646118e+00 -9.686987e+00 
3.306987e+00 1.769692e+01 
-6.215399e+00 -1.182589e+01 
4.712399e+00 1.667541e+01 
8.368942e+00 -9.394215e+00 
-2.541463e+01 4.312886e+00 
2.676538e+01 2.617003e+01 
2.032416e+00 -8.512068e+00 
2.564679e+01 -9.199456e+00 
-2.547124e+01 -1.021757e+01 
2.405744e+01 8.478968e+00 
-1.365862e+01 -2.250982e+01 
4.723699e+00 1.085855e+00 
-2.029254e+01 -1.194513e+01 
-8.839319e+00 1.002794e+01 
2.917045e+00 1.095979e+01 
-2.868058e+00 -7.291835e+00 
7.142504e-01 3.025030e-01 
-2.164010e+01 6.099735e+00 
1.528146e+01 1.731765e+01 
7.414276e+00 -9.999280e+00 
-1.002132e+01 -1.689856e+00 
4.920123e+00 -1.988061e+00 
-1.023572e+01 2.628616e+00 
1.458479e+00 -6.075654e+00 
-1.374140e+01 2.050174e+00 
-1.065385e+01 1.013396e+01 
3.891121e+00 1.688039e+01 
1.338517e+01 6.272417e-01 
6.752436e+00 -2.867742e+00 
-2.230113e+00 -3.068200e+01 
-2.995011e+01 9.698576e+00 
-1.589330e+01 -1.516261e+00 
-8.602650e+00 3.091620e+01 
-1.779323e-01 3.824230e+00 
3.356566e+00 1.613251e+01 
-4.598396e+00 -7.359281e+00 
-1.370337e+01 3.804254e+01 
3.701076e+01 -8.592237e+00 
-2.490721e+01 2.245391e+00 
5.952708e+00 1.432602e+01 
8.385248e+00 1.671305e+00 
-1.141777e+01 1.496716e+01 
2.335916e+01 -4.896747e+00 
-1.730059e+01 -1.487867e+00 
-1.778982e+01 1.259507e+01 
1.199696e+01 2.744663e+01 
3.206747e+00 1.530772e+01 
1.754162e+01 3.370741e+00 
8.825605e+00 8.246850e+00 
-2.517023e+00 9.341370e+00 
3.074858e+01 -6.822043e+00 
-2.477166e+01 1.353495e+01 
2.968453e+01 -1.588169e-01 
-5.785170e+00 8.510093e+00 
6.780432e+00 7.051622e+00 
1.894437e+01 2.561426e+00 
-3.261003e+00 1.110140e+01 
3.003809e+01 -2.502366e+00 
-1.316124e+00 -8.838979e+00 
8.599283e-01 9.303396e+00 
1.916413e+01 4.941083e+00 
2.137005e+01 -1.195416e+00 
9.212723e+00 -3.114587e+01 
-1.542137e+01 -3.291110e+00 
-6.542353e+00 1.087163e+01 
2.731869e+01 9.550306e+00 
5.645682e+00 -2.287593e+01 
8.087851e+00 -1.424738e+01 
-3.348790e+01 -2.098814e+01 
-1.306119e+01 2.197820e+01 
-9.167971e+00 3.032625e+01 
4.277566e+01 4.366337e+00 
-1.030932e+01 -7.411591e+00 
1.356703e+01 1.494298e+00 
5.616061e+00 8.281433e+00 
1.157540e+01 -2.182379e+01 
-1.316092e+01 1.398568e+01 
1.727603e+01 -6.449832e+00 
-3.276737e+00 4.273893e+00 
3.394485e+00 -3.551230e+00 
1.328518e+01 1.635289e+01 
2.040801e+01 -2.333666e+01 
-1.434824e+01 -1.163065e+01 
5.525130e+00 6.549906e+00 
-6.830779e+00 -1.349116e+01 
-4.064295e-01 9.409791e+00 
-6.635025e+00 8.684951e+00 
3.033487e+01 6.432296e+00 
2.933337e+00 -1.905711e+01 
8.006589e-01 -1.185658e+01 
-8.897430e+00 -7.150726e+00 
-1.030936e+01 -1.347916e-01 
-6.402611e+00 8.476553e+00 
8.922449e+00 1.191152e+01 
8.619292e-01 -1.159485e+01 
-1.575920e+00 1.871280e+01 
1.186471e+01 -1.078795e+01 
-3.182897e-01 1.311590e+01 
5.231358e+00 -1.053423e+01 
1.640518e+01 1.778238e+01 
4.523240e+00 -3.165814e+01 
-2.935808e+00 2.227821e+00 
-2.199743e+01 -5.792997e+00 
5.079572e+00 3.640342e+01 
4.130184e+01 -3.560942e+00 
-6.878638e+00 -2.354312e+01 
6.487080e+00 1.677685e+00 
5.433354e+00 1.502513e+00 
9.030742e-01 -2.417257e+01 
9.798768e-01 1.670006e+01 
-8.760208e+00 -1.405314e+01 
3.090308e+01 2.366880e+01 
6.887550e+00 -3.767603e+01 
-8.105076e+00 -7.923076e+00 
5.337482e+00 8.784089e+00 
2.016050e+01 -3.037939e+01 
-2.231559e+01 -2.727575e+01 
-2.092075e+01 5.546958e+00 
1.953263e+00 -5.738864e+00 
-2.450877e+01 -5.691770e+00 
-3.284116e+00 2.914253e+01 
2.055310e+01 -1.356547e+01 
-1.447559e+01 8.908031e-01 
1.010860e+01 -1.706590e+00 
5.189885e+00 -1.109699e+01 
-2.460932e+01 -1.767253e+01 
5.006093e+00 2.473712e+01 
-3.309733e+00 -2.348648e+01 
1.523083e+00 4.747260e+00 
-2.034548e+01 -1.190364e+01 
4.146075e+00 -3.959341e+00 
-3.339413e+01 5.036353e+00 
-1.280533e+00 5.332940e+00 
-4.573516e+00 2.187759e+01 
-4.127973e+00 -7.698630e+00 
-5.779030e-01 1.351842e+01 
-7.266854e+00 1.410320e+01 
1.457564e+01 -5.360585e+00 
-8.815179e+00 1.202271e+01 
2.630650e+00 -1.116528e-01 
9.243499e+00 5.513904e+00 
-4.097619e+00 -3.591937e+00 
-5.769732e+00 -1.363682e+00 
6.722791e+00 1.110391e+01 
-1.518198e+01 -9.649088e+00 
1.078215e-01 1.658915e+01 
-1.093264e+01 1.518293e+01 
1.970866e+01 2.293728e+01 
2.123489e+01 2.206699e+00 
2.752143e+01 -8.827030e+00 
-1.298173e+01 -3.686050e+01 
-5.160054e+00 1.723534e+01 
-1.223183e+01 -1.401726e+01 
-1.525436e+00 2.048015e+01 
9.548249e+00 7.832178e+00 
7.664302e+00 -3.187007e+00 
1.706424e+01 -1.102958e+01 
-2.172133e+01 -4.444780e+00 
8.327364e+00 -1.018702e+01 
-1.352676e+01 1.297625e+01 
-1.363747e+01 -5.422560e+00 
2.493899e+01 2.145421e+01 
-1.958679e+01 -8.833615e+00 
2.170415e+01 -7.015805e+00 
-1.942125e+01 1.339707e+01 
-3.564808e+00 -2.319385e+01 
-1.335982e+01 3.794729e+01 
3.973392e+00 1.182400e+01 
3.371907e+01 3.347560e+00 
-7.643478e+00 -1.188311e+01 
-1.108366e+01 -4.072360e+00 
4.083422e+00 3.062116e+01 
1.465681e+01 -8.619791e+00 
-1.001833e+00 1.124695e+01 
2.293838e+01 -4.813775e+00 
-1.529808e+01 -3.187423e+00 
1.899660e+01 1.320190e+01 
1.271289e+01 -8.952191e+00 
1.211567e+00 -8.337901e+00 
9.921096e+00 -1.728398e+01 
-3.317969e+01 -2.040683e-01 
1.268142e+01 2.268326e+01 
1.759550e+01 -1.148117e+01 
-1.821915e+01 -1.606840e+00 
1.955281e+01 -2.761184e+00 
-1.847306e+01 -6.697400e-01 
-1.597792e+00 -3.074337e+00 
6.833943e-01 2.447232e+01 
9.009476e+00 -9.826289e+00 
-1.920450e+00 -7.966581e-01 
-1.495002e+01 1.801194e+01 
2.614231e+01 1.542403e+01 
8.838446e+00 1.100737e+00 
2.630438e+01 -5.080525e+00 
-7.865597e+00 -9.101084e+00 
3.354282e+01 -5.462917e+00 
-2.445215e+01 -2.424947e+01 
1.192555e+01 -2.856682e+00 
-2.546416e+01 1.950505e+00 
1.678706e+01 -7.427087e-01 
-1.177104e+01 -3.134077e+00 
-1.181090e+01 -2.331165e+00 
3.577560e-01 3.451977e+01 
2.629420e+01 -1.339443e+01 
-8.648660e+00 4.062276e+00 
3.111235e+00 -9.986695e-01 
1.733035e+01 2.306899e+01 
2.434021e+01 -3.219644e+01 
-2.056605e+01 -1.259764e+01 
-1.958942e+00 1.329585e+01 
1.198134e+00 -5.188917e+00 
4.853577e+00 1.622265e+01 
2.086572e+01 -5.412247e+00 
2.357272e+00 -1.801110e+01 
1.583841e+00 -6.767530e+00 
-2.474252e+01 -7.791216e+00 
6.538707e+00 2.513396e+01 
1.277672e+01 1.034928e+01 
2.557602e+01 -8.908005e+00 
1.272254e+01 -1.782679e+01 
-1.175021e+01 -1.102344e+01 
1.135199e+01 -7.777945e+00 
3.672880e+00 7.832954e-01 
5.295725e+00 -3.909641e+01 
-2.396714e+01 -6.656050e+00 
-1.868035e+01 3.628681e+00 
-7.459311e+00 -4.599555e-01 
-3.671488e+00 2.831127e+01 
1.506305e+01 -4.003638e+00 
2.193139e+01 -5.761136e+00 
-9.698621e+00 -2.779950e+01 
-2.097780e+01 -1.059323e+01 
-1.368889e+01 1.152676e+01 
-1.814408e+01 1.730477e+01 
2.429538e+01 1.478558e+01 
6.824423e+00 3.390581e+00 
6.852262e+00 -1.440223e+01 
8.514059e+00 -1.364211e+00 
-1.658338e+01 -1.475023e+00 
2.481278e+01 -7.716134e+00 
-1.998145e+01 -6.946563e+00 
-9.441530e+00 -1.492110e+00 
1.106323e+01 2.302465e+01 
3.685705e+00 -1.321483e+01 
1.067603e+01 6.104738e+00 
1.333813e+01 -1.648622e+01 
-1.650512e+01 -1.384064e+01 
1.194046e+01 3.446979e+00 
-1.079546e+01 -1.802024e+01 
8.615668e-01 2.007681e-01 
-6.081043e+00 -2.206627e+01 
-3.274093e+01 1.013711e+01 
1.866135e+01 9.130892e+00 
-1.111730e+01 -8.977594e+00 
4.831314e-01 -7.222985e+00 
-2.317235e+01 -2.483484e+00 
-1.134731e+01 2.316604e+01 
2.237209e+01 5.283221e+00 
-5.823721e+00 -8.871852e+00 
-1.411028e+00 -1.610951e+01 
-3.168321e+01 1.876242e+01 
1.168736e+01 9.359667e+00 
5.596789e+00 1.632034e+01 
4.093304e+00 -1.571554e+01 
1.779441e+00 1.042267e+01 
-2.844992e+00 -4.827447e+00 
5.996489e+00 -4.265479e+00 
-1.623519e+01 5.423429e+00 
1.934025e+01 1.159594e+01 
-1.408279e+00 -3.423901e+01 
-2.759594e+01 2.659203e+01 
1.873688e+01 -1.004042e+01 
-1.251077e+01 1.063655e+01 
3.219505e+00 -1.597188e+00 
9.699834e+00 -4.767570e+00 
-2.710150e+01 -8.467565e+00 
4.529959e-01 2.456296e+01 
8.814926e+00 -4.903500e+00 
-5.699767e+00 3.530900e+00 
-8.377065e+00 -6.937405e+00 
-1.507494e+00 2.203103e+01 
-8.715108e+00 -4.795025e+00 
8.865481e+00 2.531670e+01 
8.255444e+00 1.168374e+00 
8.953172e+00 -8.474945e+00 
-8.626172e+00 4.258672e+00 
1.678406e+00 -1.749180e+00 
-1.996266e+01 4.285491e+00 
5.674178e+00 3.507072e+01 
1.131561e+01 4.721729e+00 
1.429075e+01 1.259159e+01 
1.374149e+01 1.867821e+01 
3.881895e+01 -1.417662e+01 
-2.061297e+00 -1.789060e+01 
-2.324537e+00 1.725455e+01 
4.658139e+01 -2.086134e+01 
-2.330949e+01 -1.720665e+01 
1.326803e+01 -6.403478e+00 
-6.026709e+00 -9.336129e+00 
-3.782316e-01 6.896681e+00 
1.765978e+01 -2.169132e+01 
-1.068411e+01 -2.231634e-01 
3.435028e+00 -2.559371e+01 
-1.941480e+01 1.287736e+00 
-2.301859e-01 3.243987e+00 
-6.511749e+00 -1.114910e+01 
-3.287274e-02 4.226022e+00 
-3.047927e+01 -1.243656e+00 
3.195226e+01 2.874594e+01 
-2.279952e+00 -2.361282e+01 
3.593959e+00 -3.327755e+00 
1.180489e+00 -8.828861e+00 
-2.099423e+01 -1.383742e+01 
-9.635274e-01 4.372746e+00 
-2.447373e+01 1.042227e+01 
1.448158e+01 -2.259690e-01 
-1.535826e+01 2.037042e+01 
1.960432e+01 -6.697673e+00 
5.597693e+00 7.140850e+00 
-1.337239e+00 -1.832592e+01 
1.246172e+01 -4.697498e+00 
-2.853833e+01 -1.883075e+01 
1.995592e+00 -5.181728e-01 
-3.613474e+01 2.536278e+00 
7.053822e+00 1.404450e+01 
-2.171184e+01 1.069302e+00 
1.152578e+00 2.507627e+01 
-2.173648e+00 5.104893e+00 
1.372462e+01 1.193064e+01 
-1.680587e+01 4.951659e-01 
2.171527e+01 2.102213e+01 
3.062010e+00 -6.614753e+00 
3.026804e-01 -4.556588e+00 
-1.583155e+00 7.369589e+00 
-7.128451e+00 7.274864e+00 
1.297954e+01 6.372951e+00 
5.196238e+00 9.930449e+00 
-2.596479e-01 -1.804354e+01 
-1.688858e+00 2.408901e+01 
4.245138e+00 2.442269e+00 
2.477870e+01 3.623752e+00 
9.092919e-01 -1.340615e+01 
-1.308588e+01 -1.160605e+01 
-3.723431e+00 2.931787e+01 
1.728371e+01 -1.627496e+00 
6.511492e+00 1.073938e+01 
2.933799e+01 -1.543619e+01 
-1.260619e+01 -1.182251e+01 
-4.150034e+00 -1.707623e+01 
-7.989409e+00 3.717531e+01 
2.063225e+01 -2.614893e+01 
2.614403e+00 1.484780e+01 
1.984833e+00 -1.365375e+01 
1.596032e+01 -1.650670e+01 
-2.992357e+01 4.342333e+00 
1.924527e+01 -1.000534e+00 
1.106484e+00 -5.329446e+00 
-4.885521e+00 -8.373440e+00 
6.549107e+00 -2.330390e+01 
-4.272996e+01 3.015126e+00 
-5.473642e+00 1.429467e+01 
8.695450e+00 2.978353e+01 
1.447564e+01 -1.671282e+01 
-1.237136e+00 -3.386515e+00 
-1.339758e+01 -1.221737e+00 
2.800309e+00 9.973480e-01 
-1.603605e+01 1.219303e+01 
1.884524e+01 8.124662e+00 
-2.011498e+00 -1.039042e+01 
-2.104208e+01 2.095926e+00 
8.235638e+00 3.825127e+01 
2.475569e+01 -3.722051e+00 
1.371215e+01 -6.956101e+00 
-7.554979e-02 -3.186848e+00 
9.675683e+00 -1.147795e+01 
4.092177e+00 4.323295e+00 
-6.620127e-01 -2.721010e+01 
-2.002007e-01 1.409298e+01 
5.347530e+00 -3.199429e+01 
-2.695493e+01 -3.826424e+00 
-2.281983e+00 6.379262e+00 
-1.585746e+01 -1.061524e+01 
-1.379405e+01 1.372796e+01 
-6.080768e+00 1.084842e+01 
-3.269725e+00 6.194158e+00 
4.638519e+00 1.545645e+01 
-4.586238e+00 -1.189989e+01 
-1.626672e+01 2.307992e+01 
1.870319e+01 2.022605e+01 
6.431828e+00 -1.056250e+01 
-1.520169e+00 7.309520e+00 
-5.179248e+00 4.813382e+00 
4.173597e+00 1.372107e+01 
1.741460e+01 8.744447e+00 
-1.141917e+01 -7.667197e+00 
2.774480e+01 2.003633e+01 
-2.156270e+01 -1.745883e+01 
1.719273e+01 3.357404e+01 
2.528483e+01 4.830267e+00 
1.409773e+01 -3.496124e+01 
-1.710746e+01 1.315177e+01 
8.527731e+00 8.366833e+00 
3.196995e+01 -1.503729e+00 
-6.957078e+00 -2.027133e+01 
7.908386e+00 -3.353687e+00 
-8.175718e+00 -8.530066e+00 
2.006486e+00 5.331130e+00 
-2.066116e+00 -7.396078e+00 
5.251397e+00 1.640113e+01 
1.539676e+01 -1.549222e+01 
2.090164e-02 -3.859139e+00 
1.220860e+00 -2.142175e+01 
-2.631237e+01 1.164093e+01 
2.586266e+01 -2.794669e+00 
-3.034777e+01 -4.522262e+00 
1.003081e+01 2.262117e+01 
2.467659e+01 -2.566806e+00 
-1.683514e+01 -1.388738e+01 
2.148385e+01 8.412599e+00 
-5.770094e+00 -2.764585e+00 
1.436257e+01 -2.532729e+01 
-1.189714e+01 1.357289e+01 
9.418255e-01 -3.129702e+01 
-1.833203e+01 1.685000e+01 
6.433675e+00 7.621797e+00 
8.666196e+00 -1.552671e+01 
-8.438628e+00 -5.307637e-02 
-1.237889e+01 -6.200898e+00 
8.246680e-01 6.677335e+00 
-6.662781e+00 1.267516e+01 
2.002026e+01 -1.531074e+01 
-2.202578e+01 -8.645930e+00 
-1.412491e+01 6.031680e+00 
-1.065369e+01 1.407326e+01 
1.229731e+01 1.991222e+01 
-7.244730e+00 -8.444382e+00 
1.273050e+01 2.234379e+01 
-1.357534e+00 -6.155937e+00 
5.418545e+00 5.359635e+00 
3.288975e+00 1.501440e+01 
1.183078e+01 -4.479081e+00 
1.753696e+01 4.443792e+00 
-5.059572e+00 -2.098739e+01 
-3.091772e+00 7.862112e+00 
5.083059e-01 5.730023e+00 
1.264214e+01 -1.461793e+00 
-8.333493e+00 2.989850e-01 
2.399671e+01 8.259253e+00 
-1.063067e+01 -2.182070e+01 
9.130412e+00 1.995435e+01 
1.117925e+01 -1.925919e+01 
-1.703313e+01 -2.963427e+00 
2.159465e+01 1.705253e+01 
-9.667899e+00 -2.964794e+01 
2.736265e+00 2.418939e+01 
1.340841e+01 -1.524347e+00 
2.493825e+01 -2.450332e+01 
-2.284194e+01 -1.801898e+01 
-6.574960e+00 2.959809e+00 
9.249763e+00 -1.095122e+01 
-3.020884e+01 -4.878046e+00 
7.180305e+00 9.643355e+00 
-3.561246e-01 -7.643466e-01 
-1.520081e+01 -1.201565e+01 
-1.770771e+00 1.496787e+01 
-1.484269e+01 1.404945e+01 
3.268400e+01 3.440169e+00 
-7.153060e+00 -8.000503e+00 
-5.995417e+00 -1.374362e+01 
-1.392451e+00 1.970944e+01 
-4.548257e+00 -1.217411e+01 
4.602517e+00 1.312045e+01 
-6.100317e+00 -7.787080e+00 
-3.700831e+00 1.423366e+01 
1.415475e+01 1.224353e+00 
-9.052722e+00 -9.396632e+00 
-8.755131e+00 1.809881e+01 
2.085255e+01 4.169206e+00 
-1.470456e+01 -1.350226e+00 
1.467537e+01 1.582409e+01 
1.036293e+01 1.388491e+01 
3.550782e+01 -2.201987e+01 
-1.626837e+01 -1.345612e+01 
7.565006e+00 -8.600179e+00 
-1.975701e+01 -8.890056e+00 
-1.270836e+01 1.669194e+01 
1.396158e+01 2.327182e+01 
1.578799e+01 -4.967034e+00 
1.897369e+01 2.478800e+00 
1.491907e+00 -1.736489e+01 
1.659984e+01 -2.930363e+00 
-1.062008e+01 -1.812196e+01 
6.699602e+00 2.251580e+00 
1.538669e+00 -1.213038e+01 
-4.694779e+00 -5.099084e+00 
5.458157e+00 -3.982339e+00 
2.292789e+00 -1.310727e+01 
-1.416297e+01 -1.038140e+01 
8.132339e+00 -4.961954e+00 
-3.291149e+01 -1.383634e+01 
4.975951e+00 2.502859e+01 
8.518708e+00 -1.289064e+01 
-1.387437e+01 -1.026545e+01 
-6.171652e+00 4.602919e+00 
-1.189169e+01 2.991865e+00 
7.176972e+00 8.483007e+00 
-2.131061e+00 -7.954752e+00 
-1.026860e+01 -3.729767e+00 
-1.554395e+01 2.194867e+01 
3.129808e+01 8.044221e+00 
-5.385420e+00 -1.590701e+01 
1.574946e+00 3.321609e+00 
1.660378e+01 -8.017025e+00 
-2.494382e+01 -2.722088e+01 
-3.717305e+00 1.384832e+01 
-1.562764e+01 -1.670721e+00 
2.508913e+00 3.246829e+00 
-7.374831e-01 1.140326e+01 
5.850881e+00 -2.357513e+01 
-2.719743e+01 -3.320822e+00 
-1.307657e+01 1.315563e+01 
-1.392726e+01 8.980936e+00 
7.056711e+00 1.756705e+01 
-1.341365e+01 7.246709e+00 
1.380060e+01 1.053553e+01 
-8.986234e+00 1.365691e+01 
2.338146e+01 1.192234e+01 
6.306033e+00 -2.176973e+01 
-7.765875e+00 1.773078e+01 
-4.623808e-01 -2.689287e+01 
-6.600900e+00 3.776332e+01 
7.369680e-01 -1.867954e+01 
9.848881e+00 2.486920e+01 
4.806511e+00 -7.672560e+00 
5.700674e+00 -8.764570e+00 
-1.160327e+00 -2.505935e-01 
-1.938113e+01 -1.189864e+01 
-1.489238e+00 2.183152e+01 
-5.399203e-01 -6.271744e+00 
-2.140680e+01 1.633964e+01 
2.138124e+01 1.842307e+01 
-4.813250e+00 9.612812e-01 
2.896677e+00 5.859236e+00 
1.042365e+01 1.731934e+01 
-3.421914e+00 -3.560959e+00 
1.700840e+01 1.701259e+01 
6.517902e+00 4.517498e+00 
1.464985e+01 -7.096391e+00 
9.895027e+00 1.026670e+01 
8.755671e+00 -1.412650e+01 
1.604194e+01 -5.152866e+00 
-1.558292e+01 -1.786682e+01 
2.965530e+00 2.403622e+00 
-2.098596e+01 1.470837e+00 
1.376682e+01 1.936319e+01 
4.589016e+00 3.261380e+00 
2.192185e+01 -5.482039e+00 
1.111300e+00 -1.305373e+01 
-1.573283e+01 -1.412661e+01 
-3.268251e-01 1.908979e+01 
3.520969e+00 -2.465639e+00 
-9.274252e-01 -7.194090e+00 
3.863468e+00 2.108845e+01 
4.162283e+00 -2.838522e+01 
-8.411122e+00 1.848959e+01 
2.993616e+00 -9.442899e+00 
-1.811114e+01 -2.470152e+00 
-2.045088e+00 4.008250e+01 
2.295675e+01 -3.817748e+00 
1.192443e+01 6.123967e+00 
2.993348e+00 -9.685658e+00 
9.061256e+00 1.074011e+01 
2.059675e+01 -2.152905e+01 
-1.940107e+01 -9.059609e+00 
-5.695930e+00 -3.131823e+00 
-2.558614e+00 1.928813e+01 
6.063795e+00 -5.141290e+00 
-4.183368e-01 1.760202e-01 
5.709460e+00 1.916233e+01 
6.486239e+00 -2.598133e+01 
3.746159e+00 1.958656e+01 
-1.591118e+01 -2.020130e+01 
1.483045e+01 2.641778e+01 
9.389646e-01 -7.809224e+00 
6.385420e+00 -7.262592e+00 
-5.280447e+00 4.938462e+00 
-4.952896e+00 2.168193e+00 
9.874068e+00 6.219408e+00 
-3.780662e+00 5.580620e+00 
1.469700e+01 3.073996e+00 
-1.503605e+00 -9.634076e+00 
-4.295452e+00 1.586330e+01 
1.336399e+01 2.116733e+00 
1.514247e+01 -3.792673e-01 
-7.876178e+00 -1.249764e+01 
9.976988e-01 1.505534e+01 
1.795400e+01 -3.017198e-01 
-5.683605e+00 -4.536925e+00 
1.379113e+01 3.628819e+00 
6.062675e+00 -1.124363e-01 
-9.896533e+00 -1.240746e+01 
2.371069e+01 3.642329e+01 
2.333195e+01 -3.314852e+01 
-1.354018e+00 -2.562453e+01 
-2.329683e+01 1.659429e+01 
2.589025e+01 -1.695025e+01 
-1.679255e+01 -3.109001e+00 
-8.806755e+00 -2.029956e+00 
-1.619959e+00 1.559502e+01 
2.067901e+01 1.553521e+01 
1.454960e+01 -2.792818e+01 
-2.911586e+00 -5.535457e+00 
-1.635642e+01 -8.004031e+00 
6.562472e+00 6.445502e+00 
-7.002767e+00 8.402524e-01 
1.751738e+00 -6.777948e+00 
-1.236294e+01 1.681552e+01 
1.314528e+01 4.357340e+00 
2.089197e+00 9.451567e+00 
1.601369e+01 2.802620e+00 
1.510267e+01 -4.766184e+00 
-2.657146e+00 -1.460667e+01 
7.972651e+00 1.078485e+01 
4.454905e+00 -2.516317e+01 
-1.432019e+01 1.362276e+01 
5.834253e+00 -7.432473e+00 
-1.375384e+00 3.187431e+01 
3.190601e+01 -2.320744e+01 
-1.027540e+01 1.587169e+01 
2.737887e+01 -1.106777e+01 
1.803880e+01 2.187317e-01 
9.274878e+00 -3.855211e+01 
-3.644335e+00 -7.822401e+00 
-1.305312e+01 -2.814457e+01 
-1.466091e+01 1.672163e+01 
1.204582e+01 -1.664085e+01 
-2.426058e+01 -4.464784e+00 
-7.342727e+00 1.843238e+01 
2.432460e+01 9.732544e+00 
4.875296e+00 -2.593560e+01 
-1.750970e+01 1.534115e+00 
1.259538e+01 4.997497e+00 
-3.748393e+00 -1.279950e+01 
-1.133761e+01 -3.452516e+00 
-2.198949e-01 2.178619e+01 
1.312559e+01 -6.195530e+00 
1.058617e+01 -6.360246e+00 
-2.170957e+01 -9.739417e-01 
2.914458e+01 1.931418e+01 
1.314582e+01 -2.269674e+01 
-2.891620e+00 -8.444422e+00 
1.939369e+01 -1.201496e+01 
-1.520492e+01 -3.132327e+01 
-1.980672e+01 -6.122469e+00 
-1.190519e+01 1.019283e+01 
-2.474534e+00 2.679793e+00 
8.172071e+00 -9.454753e-01 
-1.383910e+01 -6.984146e+00 
-5.595630e-01 8.912932e+00 
1.013992e+00 -2.379514e-01 
3.092624e+00 1.197125e+01 
2.371146e+01 -2.143816e+01 
-2.329762e+01 -1.040908e+01 
3.958988e-01 -6.812020e+00 
-1.843032e+01 4.330196e+00 
9.371666e-01 1.930489e+00 
-8.221155e+00 2.490777e+00 
-3.942038e+00 6.018468e+00 
-2.209838e+00 8.273966e-01 
-1.264046e+01 1.931523e+01 
2.763414e+01 8.553492e+00 
-5.943670e+00 -7.636125e+00 
5.446831e+00 6.749304e+00 
1.127741e+01 6.889660e+00 
7.903950e+00 -1.345946e+01 
1.865731e+00 -6.475921e+00 
-1.561969e+01 3.085204e+00 
1.858689e+01 7.778688e+00 
1.979113e+00 -7.534578e+00 
-2.356451e+00 -1.036730e+01 
-3.725544e+00 1.205900e+01 
5.059626e+00 -1.456538e+00 
1.220332e+01 5.669936e+00 
-3.559974e+00 -1.147093e+01 
1.475477e+01 1.665398e+01 
9.187105e+00 -1.918565e+01 
2.164931e+01 -1.961094e+00 
-1.745631e+01 -4.380387e+01 
-1.335435e+01 2.070930e+01 
2.307991e+00 -6.080726e+00 
1.001798e+01 -1.823576e+00 
-1.799587e+01 -1.605055e+01 
-6.973921e-01 2.116111e+01 
9.927064e+00 -4.441248e+00 
6.769690e+00 8.280005e-01 
1.205215e+01 -1.000863e+01 
-8.848329e+00 -1.529405e+01 
1.386148e+01 8.650590e+00 
-1.042062e+00 -3.774098e+01 
-2.076583e+01 -5.505362e+00 
-1.501696e+01 1.089065e+01 
6.977101e+00 -1.219602e+01 
-2.054839e+01 1.832174e+01 
1.849443e+01 -1.114402e+01 
-2.085786e+01 6.374689e+00 
2.170542e+01 1.279173e+01 
5.239278e+00 -3.540583e+01 
-3.091386e+01 7.324985e+00 
3.475834e+00 1.248235e+01 
1.367164e+01 6.247812e+00 
8.739926e+00 -1.557495e+01 
-1.148119e+01 -1.918126e+01 
-1.593343e+01 1.648452e+01 
1.036320e+01 -5.358530e+00 
-8.195532e+00 8.167220e+00 
1.849873e+01 -4.314633e+00 
-1.177722e+01 -1.766021e+01 
6.204404e-01 1.463177e+01 
9.950714e+00 -2.601730e+01 
-2.554153e+01 -4.836564e+00 
-8.403106e+00 9.275212e+00 
5.368744e+00 -1.183715e+00 
-1.883193e+01 5.031748e-01 
5.827733e+00 8.898327e+00 
-4.341080e+00 4.974078e+00 
4.933412e+00 -4.274923e+00 
-7.540468e+00 4.269080e+00 
3.368641e+00 3.108999e+00 
-9.385321e+00 -6.556681e+00 
-4.942077e+00 2.476354e+01 
1.193058e+01 3.721499e+00 
9.072138e+00 1.163563e+00 
-3.650500e+00 1.181379e+01 
2.080936e+01 1.059261e+01 
4.027531e+01 3.022079e+00 
8.523878e+00 -3.965205e+01 
1.412231e+01 -1.982041e+01 
-2.171702e+01 -1.921000e+01 
2.468006e+00 -2.253874e+01 
-2.258599e+01 8.298130e+00 
2.251230e+00 -1.308416e+01 
6.463934e-01 6.655208e+00 
8.117401e+00 -1.900389e+01 
-1.101686e+01 -2.555040e+01 
-2.024398e+01 -7.258218e+00 
-1.552733e+01 1.423568e+00 
-5.641152e+00 -8.258836e+00 
-9.264681e+00 -7.906142e-01 
-2.892147e+01 -1.350310e+01 
-5.591910e+00 2.384160e+01 
-3.439730e+00 -6.968344e+00 
-1.765070e+01 -4.585939e+00 
-1.168346e+01 2.094883e+00 
-3.654233e+01 2.943360e+01 
3.017469e+01 1.248474e+00 
-2.537695e+01 2.914345e+01 
1.375751e+01 -1.745383e+01 
6.671970e+00 3.486234e+01 
-1.921946e+01 -2.322617e+01 
2.850494e+01 2.689218e+01 
-2.073437e+01 -2.310734e+00 
2.841862e+01 -7.598486e+00 
-1.150098e+01 5.728366e+00 
-2.801323e+00 -1.816853e+01 
-6.701462e+00 7.315006e+00 
-9.669051e+00 1.241626e+01 
3.655925e+00 -1.495029e+01 
-1.211831e+01 3.099508e+01 
8.873884e+00 -1.044572e+01 
8.105245e+00 1.266573e+01 
-6.255854e+00 -1.148629e+01 
-1.476648e+00 -2.375682e+00 
-1.990250e+01 1.775332e+01 
1.451481e+01 1.047996e+01 
8.457176e+00 1.491059e+01 
1.770067e+01 -1.433494e+01 
-1.222043e+00 1.272387e+00 
9.393146e+00 -1.047089e+01 
-4.383878e+00 -1.230123e+01 
-5.726934e+00 -2.450727e+00 
-1.180006e+01 -1.264314e+01 
-1.348109e+01 1.336481e+01 
-3.097760e+00 2.352145e+00 
-8.901792e+00 1.084617e+01 
1.741315e+01 1.215169e+01 
-1.628000e+01 -1.317127e+01 
1.990686e+01 1.747670e+01 
-2.559854e+01 -1.123197e+01 
2.181283e+01 2.015152e+01 
-2.283113e+00 -3.795661e+00 
9.307084e+00 -7.947836e+00 
-4.061048e+00 -9.286098e+00 
-1.945612e+01 8.232013e+00 
4.839027e+00 -5.101838e+00 
-9.762655e+00 3.327336e+01 
2.300558e+01 -1.890140e+01 
-2.963886e+00 5.583583e+00 
-8.669070e+00 -1.398897e+01 
-1.263784e+01 5.885773e+00 
-5.770675e+00 2.277373e+01 
5.255538e+00 8.613697e+00 
1.981800e+01 1.208797e+01 
2.979215e+00 -2.526506e+00 
1.682118e+01 -1.644672e+00 
5.776130e+00 -6.350054e+00 
6.155670e+00 -5.835012e+00 
5.785357e+00 -2.617557e+01 
-2.453700e+01 5.215903e-01 
-1.093566e+01 -4.781812e+00 
-5.963147e+00 2.814203e+01 
1.784822e+01 2.699332e+00 
6.415250e+00 -1.378511e+01 
-6.317895e-01 1.424389e+00 
-1.100314e+01 -1.549563e+01 
9.511702e-01 1.566981e+01 
1.389361e-01 -2.983022e+00 
9.666346e+00 -1.143538e+01 
-1.601250e+01 -4.285688e+00 
-4.691310e+00 -4.496214e+00 
-1.209674e+01 -8.503034e-01 
-1.707925e+01 4.689684e+00 
-1.494898e+01 2.023713e+01 
1.618732e+01 2.309420e+01 
6.754600e+00 -8.200694e-01 
9.401529e+00 1.474436e+00 
1.371218e+01 -1.241508e+00 
-9.424198e+00 -3.609244e+01 
-3.648360e+01 2.116467e+01 
1.472760e+01 2.136392e+01 
-6.047075e-01 -1.369181e+01 
-1.515953e+01 1.596888e+01 
1.223968e+00 8.940179e+00 
-3.043615e+00 1.992097e+01 
1.885612e+01 1.221960e+01 
6.003257e+00 4.511063e+00 
1.776643e+01 -4.909586e+00 
-7.648499e+00 8.922442e+00 
2.651549e+01 -4.805490e+00 
-4.369177e+00 -5.230488e+00 
7.606587e+00 -9.411040e+00 
-8.887717e+00 -8.044921e-02 
5.525556e+00 -2.242709e+00 
-1.142046e+01 -4.482131e-01 
-2.815509e+00 7.189425e+00 
8.273224e+00 2.475467e+01 
2.319680e+01 -1.594628e+01 
4.558254e+00 -5.769484e+00 
-9.999590e+00 -1.594764e+01 
-5.633227e+00 1.064728e+00 
-3.746855e+00 1.345221e+01 
2.223207e+00 -1.037510e+01 
5.588546e+00 7.053587e+00 
-2.619344e+01 -3.231541e+00 
2.379171e+01 2.598948e+01 
5.932032e+00 -3.535620e+00 
1.065014e+01 -1.340361e+01 
1.759632e+00 2.779439e+00 
-1.076970e+00 -1.757094e+01 
-1.314063e+01 -5.313982e+00 
-7.828909e+00 1.681509e+01 
3.441287e+00 -2.062505e+00 
7.977423e+00 2.279129e-01 
-2.395011e+01 -2.464420e+00 
1.081765e+01 2.417665e+01 
1.457077e+01 -5.578325e+00 
-1.145749e+01 -1.934479e+00 
1.797667e+01 2.288121e+00 
-1.748373e+01 -9.116759e-01 
1.855732e+01 -2.490551e+00 
-2.781628e+01 -1.304876e+00 
1.272412e+01 2.958567e+01 
1.309108e+01 -1.381249e+01 
-4.554386e+00 1.865234e+01 
2.689029e+01 -6.192207e+00 
7.514597e+00 -1.133456e+01 
-7.114352e+00 -1.879658e+01 
-6.297526e+00 3.992503e+00 
-5.484260e+00 2.992651e-01 
1.145988e+01 6.037713e+00 
3.144492e+00 -1.754298e+01 
-9.905332e+00 -1.644225e+01 
-3.316112e+01 6.821067e-01 
-1.285312e+01 2.978401e+01 
1.877784e+01 1.655592e+01 
-2.848597e+00 4.804617e+00 
2.272991e+01 -6.365990e+00 
-2.592336e+01 1.420766e+01 
3.359822e+01 -2.323371e+00 
-9.425672e+00 3.577363e+00 
4.862458e-01 -8.453326e+00 
1.311888e+01 1.550260e+01 
-4.915417e+00 -9.328127e+00 
1.956572e+01 -6.317792e+00 
-2.124534e+01 -5.496439e+00 
-2.215532e-01 2.270351e-01 
-1.122795e+00 1.380514e+01 
-4.204876e+00 -1.145064e+01 
-8.347045e+00 2.789938e+01 
2.406511e+01 -1.197570e+00 
-1.026498e+01 -1.005032e+00 
7.921043e+00 1.370091e+01 
1.663839e+01 3.105783e+00 
3.710037e+00 -5.336750e+00 
1.444483e+01 -6.780313e+00 
-9.528892e+00 1.248289e-01 
1.360152e+01 -9.045278e+00 
-6.393720e+00 4.962301e+00 
6.371272e+00 -1.588980e+01 
-1.919537e+01 5.829984e+00 
8.449697e+00 2.213161e+01 
2.112731e+01 -9.786499e+00 
8.748485e-01 -8.524178e+00 
-8.956611e+00 -5.859908e+00 
1.128478e+01 1.008717e+01 
1.121483e+00 -1.853579e+01 
-8.909774e+00 3.784788e+00 
4.619517e+00 1.250498e+00 
2.580930e+00 -2.299790e+00 
1.525936e+00 -6.220371e+00 
1.043306e+00 -8.555305e+00 
-1.645624e+01 -8.336605e+00 
-6.361606e+00 3.356618e+00 
-2.154738e+01 9.320331e+00 
1.150550e+01 2.163964e+01 
-1.340142e+00 -8.027714e-01 
9.132039e+00 1.758706e+01 
1.581064e+01 -5.607550e+00 
-4.390479e-01 -1.117020e+01 
-1.391992e+01 1.018340e+01 
2.053806e+01 1.434787e+01 
1.258865e+01 -9.210464e+00 
4.865872e+00 -1.369758e+01 
-2.689598e+00 -5.908867e-01 
5.571953e-02 -1.504763e+01 
-6.728773e+00 8.866033e+00 
4.306250e+00 -1.086953e+01 
-2.608752e+00 -2.568466e+00 
-1.023946e+01 -5.662200e+00 
-3.729690e+00 -3.558194e+00 
-1.047422e+01 7.021087e+00 
-9.644352e+00 -1.030580e+01 
-1.116193e+01 2.489157e+01 
3.810737e+00 -3.781146e+00 
-1.550091e+01 5.213541e+00 
-2.411956e+00 3.215282e+01 
1.857920e+01 -7.618016e+00 
-1.289519e+01 8.500678e+00 
-5.019463e+00 1.618607e+01 
1.995191e+01 1.905793e+01 
3.747882e+00 3.872595e+00 
2.505783e+01 7.909087e+00 
6.112564e+00 -1.530811e+01 
-1.114989e+00 4.289894e-01 
1.397974e+00 9.413034e-01 
5.728006e+00 3.360595e-02 
-2.251699e+00 1.853915e+00 
5.281344e+00 -4.240562e+00 
-7.135650e+00 9.778572e+00 
1.005202e+01 -2.997539e+00 
-1.008882e+01 1.567580e+00 
-1.046328e+00 1.599613e+01 
6.945078e+00 3.427597e+00 
3.394937e+00 2.029626e+01 
1.971012e+01 -4.869891e+00 
1.002266e+00 7.953482e+00 
1.500592e+01 -4.221739e+00 
-3.381644e+00 1.078645e-01 
6.853143e+00 9.389422e+00 
8.759738e+00 -2.827160e+00 
-3.937970e+00 1.491538e+01 
3.123589e+01 3.726692e+00 
-1.106703e+00 -9.623610e+00 
3.530596e+00 5.753735e+00 
1.739727e+01 2.045908e+01 
3.287221e+01 -1.405679e+01 
1.236832e+01 -1.479079e+01 
9.208773e+00 -2.849311e+01 
-3.379513e+01 -5.806232e+00 
2.632987e+01 2.617819e+01 
2.919194e+00 -2.535858e+01 
6.078094e+00 7.753095e+00 
1.682500e+01 -9.498196e+00 
2.714802e+00 -2.525568e+01 
-1.605405e+01 -9.981676e+00 
1.515196e+00 1.526078e+01 
1.011991e+01 -3.006597e+01 
-2.463225e+01 5.277645e+00 
8.019305e-01 1.382956e+00 
-1.102537e+01 -4.027188e+00 
-1.036678e+01 3.304709e+01 
2.773396e+01 5.115365e+00 
2.246256e+01 -2.289013e+00 
-2.630929e+00 -2.593615e+01 
-9.859376e+00 -3.558324e+00 
-6.202571e+00 2.144985e+01 
1.965918e+01 -1.428135e+00 
1.976661e+01 -5.806137e+00 
-1.358789e+01 -2.189923e+01 
3.199728e+00 4.672658e+00 
-5.066759e+00 -1.318001e+00 
-1.310478e+00 -2.927723e+00 
7.431880e+00 1.210198e+01 
4.786874e+00 -1.606339e+01 
-4.140195e+00 2.610979e+00 
2.641315e-01 -4.084923e+00 
-4.728683e+00 -2.132754e+00 
-1.624271e+01 1.301249e+01 
2.738925e+01 2.099013e+01 
2.564112e+00 -9.478593e+00 
2.700812e+01 -2.270495e+00 
-1.441458e+01 -1.715942e+01 
5.834547e+00 -7.686401e-02 
-4.514211e+00 5.234068e+00 
3.568580e+00 -1.691898e+01 
-2.375426e+01 2.152127e+01 
1.995403e+01 1.723386e+01 
1.842118e+01 1.068136e+01 
2.195737e+01 -1.646889e+01 
-1.512100e+00 1.879902e+00 
2.393490e+01 -4.277756e+00 
6.069434e+00 -1.465673e+01 
2.191591e+01 -1.624577e+01 
-2.903189e+01 -3.915787e+01 
-1.039133e+01 2.459039e+01 
-3.101087e+00 -5.901084e+00 
-2.430942e+00 1.057894e+01 
1.600845e+01 2.570528e+01 
3.126574e+01 -3.454814e+01 
-1.846794e+01 1.351999e+00 
1.968790e+01 -8.083687e+00 
-4.295006e+00 -1.644401e+01 
-4.869999e+00 -6.328622e+00 
-4.792329e+00 -3.621897e+00 
-1.327811e+01 -6.243982e+00 
5.619769e+00 3.534927e+01 
2.710217e+01 -3.425949e+01 
-1.834808e+01 8.315545e+00 
1.166938e+01 -1.706942e+01 
-1.781371e+01 5.874267e+00 
1.284479e+01 -3.670658e-01 
-1.596501e+01 -2.509141e+00 
1.086597e+01 1.525496e+01 
9.453396e+00 -1.322146e+00 
4.325512e+00 -1.144573e+01 
-5.573571e+00 7.059447e+00 
1.053135e+01 1.022428e+01 
1.995751e+01 -8.309391e+00 
4.163274e+00 -8.750893e+00 
-1.402098e-01 2.215109e-01 
2.938360e+01 -1.437326e+01 
-1.584338e+01 -1.445254e+01 
3.917590e+00 -2.630719e+01 
-2.464128e+01 2.253101e+01 
8.567559e+00 -1.598436e+01 
-4.415478e+00 2.917620e+01 
2.834545e+01 -2.881566e+00 
2.190645e+01 -2.372850e+01 
-9.280814e+00 -2.334501e+01 
-1.621751e+01 -1.090744e+01 
-1.583175e+00 8.892121e+00 
-3.558192e+00 -3.256388e+00 
1.140641e+01 9.518326e+00 
1.720090e+01 -2.112717e+01 
-1.211344e+01 -1.640817e+01 
-1.090031e+01 -6.173062e+00 
8.507342e+00 4.463001e+00 
-2.629469e+01 -2.607858e+01 
4.568513e+00 3.718703e+01 
5.733231e+00 -2.051112e+01 
2.515975e+00 2.955381e+00 
-9.615222e+00 -8.695241e+00 
-7.772442e+00 9.346798e+00 
1.364388e+01 1.816147e+01 
1.813966e+01 -1.178113e+01 
1.097004e+01 -1.245758e+01 
-1.067383e+01 -1.861208e+01 
-5.496829e-01 1.287296e+00 
-9.225721e+00 -3.855764e+00 
1.103196e+01 4.670666e+00 
-5.632403e-01 -1.433555e+01 
-1.109710e+01 5.180177e-04 
1.444900e+01 1.489045e+01 
1.381123e+01 -2.897620e+01 
-2.117806e+01 -5.776972e+00 
5.002152e+00 9.575635e+00 
8.707340e+00 -4.219144e+00 
1.602639e+01 -1.909842e+01 
-2.361436e+01 -1.944069e+01 
1.447680e+00 2.214552e+00 
-1.321300e+01 -1.245228e+01 
-1.950306e+01 2.719532e+00 
1.001592e+00 3.523369e+01 
3.994131e+01 -1.329788e+01 
-8.770000e+00 -1.702590e+01 
1.697630e+01 -1.840415e+01 
-2.857086e+01 -2.372542e+01 
-1.200452e+01 6.995645e-01 
-1.197789e+01 1.154182e+01 
8.753882e+00 -4.807179e+00 
-8.367773e-01 -1.107040e+01 
-2.380917e+01 -9.177783e+00 
-3.409373e-01 8.094360e+00 
-1.525830e+01 -4.850563e+00 
-1.014357e+01 9.716420e+00 
6.082055e+00 4.415803e+00 
-2.930788e+01 -7.052207e+00 
-2.903122e-01 4.070390e+01 
1.590331e+01 1.228694e+01 
2.349403e+01 -6.399122e+00 
-7.699997e+00 -1.594648e+00 
9.804139e+00 -4.802121e+00 
-2.777653e+00 9.857101e+00 
4.900850e+00 -1.124091e+01 
6.008180e+00 2.505929e+01 
1.782435e+01 -2.759336e+01 
-6.946670e+00 1.167116e+01 
6.073568e+00 -1.368427e+01 
9.032989e-01 2.312367e+01 
3.821595e+01 -9.649941e+00 
8.089426e+00 -2.502318e+01 
6.082336e+00 -2.079866e+01 
3.587273e-01 -2.183164e+01 
-1.214087e+01 -3.384164e+01 
-3.048466e+01 -7.990060e+00 
-2.193543e+01 3.349992e+00 
-6.880999e+00 1.123478e+01 
-1.288976e+00 4.667212e+00 
-6.658588e+00 -5.172809e+00 
3.691418e+00 1.390863e+01 
-4.708108e-01 -1.710600e+01 
-7.099317e-01 -2.437714e+00 
-2.574676e+01 -1.503090e+01 
-1.494894e+01 1.968227e+01 
-4.846762e+00 8.700930e+00 
-7.548604e+00 1.516452e+01 
4.023130e+00 1.682783e+01 
1.552067e+01 1.241402e+01 
-5.800473e+00 -2.055537e+00 
2.957263e+01 2.971685e+01 
1.245586e+01 -2.584923e+01 
1.211673e+01 1.412318e+00 
2.777346e+00 -7.183962e+00 
1.103372e+01 -1.952463e+01 
-9.047064e+00 7.462938e+00 
1.435102e+01 -2.175717e+01 
-1.640853e+01 1.569018e+00 
1.124899e+01 1.275716e+00 
3.697375e+00 -1.652068e+01 
-5.928926e+00 -8.957821e+00 
-2.451765e+01 -4.306853e+00 
2.114234e+01 2.447460e+01 
-1.634255e+01 -2.358117e+01 
3.204685e+01 2.762513e+01 
-1.019444e+01 -5.091340e+01 
-1.502578e+01 1.913633e+01 
1.343140e+01 -3.451954e-01 
-1.314487e+01 -2.687842e+01 
-1.138434e+01 2.966877e+01 
9.548538e+00 -1.260585e+00 
2.521935e+01 -1.119635e-01 
-1.306839e+01 -2.426919e+01 
7.577037e-01 6.449872e+00 
4.331629e+00 -1.230926e+01 
-1.907773e+01 1.000826e+00 
1.625613e+01 3.189803e+00 
-1.081375e+01 -2.029263e+00 
8.990934e+00 3.769232e+00 
1.305119e+01 -4.900130e+00 
-7.663498e+00 -2.334485e-01 
3.460582e+01 -1.234688e+01 
-1.939467e+01 -1.908272e+01 
1.037897e+01 -7.504191e+00 
-4.071920e+00 -1.171613e+01 
-1.148958e+00 -1.090469e+01 
-5.352733e-01 -1.535879e+01 
-1.020487e+01 -1.192163e+01 
-7.699795e+00 -9.345873e-01 
9.016699e+00 -2.038439e+01 
-2.164570e+01 -1.396067e+01 
-2.168068e+01 -8.204170e+00 
9.705723e+00 1.312292e+01 
-2.054820e+01 -3.334168e+01 
-1.445084e+01 8.321506e+00 
-1.023478e+01 6.225446e+00 
3.014879e+00 -2.213356e+01 
-3.648727e+01 -9.969084e-01 
-4.512823e+00 1.728295e+01 
-9.297531e+00 -1.631056e+01 
-1.336152e+01 1.930316e+01 
-1.649685e+01 -1.388084e+01 
-1.256945e+00 2.309414e+01 
-1.773589e+01 -1.398650e+01 
-1.872102e+01 9.305734e+00 
-2.160250e+01 3.244107e+01 
1.417890e+01 1.373823e+01 
-1.119882e+00 1.364175e+01 
3.661962e+00 2.794836e+00 
-3.465351e+00 1.907087e+01 
1.653847e+01 3.805757e+00 
2.780074e+00 1.536827e+01 
2.948137e+01 -1.312240e+01 
-2.253805e+00 -1.534370e+01 
-1.920947e+01 -2.199775e+01 
-2.118912e+01 2.284050e+01 
3.231364e+00 1.294883e+01 
8.310922e+00 1.305467e+01 
1.808954e+01 -9.777350e+00 
-1.767523e+01 -9.673702e+00 
-4.011305e+00 9.332152e+00 
9.138221e-01 1.006690e+01 
-2.535884e+00 -1.398970e+00 
8.514089e+00 1.187243e+01 
-9.244300e+00 -9.713736e+00 
-3.013901e+00 2.459569e+01 
1.806884e+01 6.396224e+00 
6.746878e+00 -7.997718e-01 
6.942527e+00 -2.287665e+00 
6.327594e+00 6.278065e+00 
1.313840e+01 -1.199825e+01 
-7.202110e+00 -9.406470e+00 
-4.786951e+00 1.267138e+01 
1.487891e+01 -1.013121e+00 
1.525504e+01 -4.748883e+00 
-1.710958e+01 -2.767351e+01 
4.497932e+00 2.685688e+01 
2.691498e+00 -3.113651e+01 
-1.771186e+01 1.267801e+01 
4.482058e-01 3.705271e+00 
6.163494e+00 5.398813e+00 
-6.652386e+00 1.399881e+00 
1.938911e+01 3.007258e+00 
-1.833456e+01 -9.975889e+00 
6.009891e+00 1.568986e+01 
7.205112e+00 1.080527e+01 
1.213723e+01 -1.190478e+01 
2.367291e+00 1.023642e+01 
5.588661e+00 -2.990348e+00 
2.387423e+01 1.254953e+00 
-1.333343e+00 -8.454873e+00 
3.067198e+01 -1.453499e+01 
-1.616588e+01 -2.268930e+01 
1.115334e+01 -1.295937e+01 
-2.816450e+01 -1.728849e+01 
4.711768e+00 4.978017e+00 
-2.579519e+01 -1.165519e+01 
4.073643e+00 2.034045e+01 
-3.371265e+00 -4.012292e+00 
6.827186e+00 5.963611e+00 
3.842316e+00 -4.948864e+00 
-6.785293e+00 -6.267268e+00 
9.728059e+00 1.397684e+01 
3.696850e+00 -2.969867e+01 
-2.321087e+01 1.385735e+01 
1.345430e+01 9.155689e+00 
7.185721e+00 -4.746392e+00 
7.703297e+00 5.613662e+00 
1.532217e+01 -2.754996e+01 
-1.580645e+01 -5.935552e-01 
-1.380180e+00 -1.324608e+01 
-1.058837e+00 9.817458e+00 
1.461224e+00 -9.258215e+00 
7.381671e+00 -1.356751e+01 
-2.150125e+01 -4.411942e+00 
-8.906630e-01 2.949526e+00 
7.420386e+00 8.462167e-01 
-1.382428e+01 -1.268008e+01 
4.322850e+00 5.760012e+00 
-1.194385e+01 -8.930508e+00 
-8.255957e+00 1.326108e+01 
1.571306e+01 4.509411e+00 
-3.585607e+00 -1.042251e+01 
-3.143238e+00 4.130366e+00 
8.741202e+00 1.594965e+00 
4.096094e+00 -1.024926e+00 
8.694731e+00 -2.339000e+01 
-1.986546e+01 7.356113e+00 
1.213004e+01 -4.366369e+00 
1.232458e+00 -1.173081e+01 
-1.481269e+01 -5.689519e+00 
-9.116376e+00 1.949207e+00 
1.813558e+01 1.294809e+01 
-1.830576e+01 -2.019769e+01 
3.162249e+01 5.943246e+00 
-4.336679e+01 -2.591560e+01 
1.425343e+01 2.487365e+01 
3.802655e+00 -5.316169e+00 
9.268408e-01 -1.292460e+01 
1.463942e+00 -8.929467e+00 
-2.219364e+01 5.937898e-01 
1.430859e+01 2.263391e-01 
-1.423660e+01 -7.448648e+00 
3.534587e+00 1.017881e+01 
2.278895e+00 -2.117925e+01 
-1.513375e+01 1.522509e+01 
1.252083e+01 -1.144462e+01 
-1.596900e+01 -1.070259e+00 
1.279937e+01 1.676274e+01 
4.252295e+00 -2.888715e+01 
3.956410e+00 9.053329e+00 
-1.377691e+01 -3.344299e+01 
-9.202946e+00 1.512873e+01 
4.127648e+00 -7.649081e-01 
-5.295994e-01 -2.727943e+01 
-2.821956e+01 8.822119e+00 
2.084850e+00 8.815197e+00 
4.180369e+00 -4.145356e+00 
-1.814127e+00 4.119079e+00 
8.201147e+00 -2.042409e+01 
-2.829764e+01 -2.379555e+00 
1.353617e+01 1.921229e+01 
5.573695e+00 -2.989460e+01 
-1.852822e+01 -2.935268e+00 
-1.461771e+00 1.607094e+00 
-2.369461e+00 -1.824954e+01 
-1.801030e+01 -5.640544e+00 
-1.785967e+01 2.546583e+00 
-9.501646e-02 -2.182889e+00 
-1.114274e+01 -9.632526e-03 
-2.068409e+01 -1.802216e+01 
-1.510407e+01 1.868736e+01 
-2.668937e+01 -1.728511e+00 
-1.040060e+01 2.500382e+01 
-1.494665e+00 2.293119e+01 
-8.346437e+00 8.930931e+00 
2.538723e+01 2.960394e+01 
1.398833e+00 -6.082912e+00 
2.236493e+01 -2.057129e+00 
-6.090983e+00 -5.658190e+00 
4.663413e-01 -5.803952e+00 
3.696798e+00 -5.854480e+00 
-1.706676e+01 -4.214083e-01 
1.702622e+00 -3.678269e+00 
-1.486951e+01 5.283575e+00 
-1.073894e+01 1.874340e+01 
3.037809e+01 6.933985e+00 
-1.402323e+01 -1.764615e+01 
-2.331375e+00 1.588473e+01 
7.407054e+00 -6.138979e+00 
-4.330554e+00 9.735986e+00 
5.946145e+00 -1.053264e+01 
-2.555928e+00 4.413491e+00 
-7.548595e+00 2.994642e+00 
1.202884e+01 -3.128330e+00 
-3.234482e+00 3.417287e+00 
-1.761450e+01 -1.461799e+01 
1.195014e+01 3.595036e+01 
1.860875e+00 -1.311211e+01 
5.946183e+00 6.877664e-02 
4.832635e+00 3.304363e+01 
4.051391e+01 -3.497076e+01 
1.686822e+00 -6.118006e+00 
-6.936415e+00 -3.650879e+01 
-2.424449e+00 -1.451608e+00 
-1.611066e+01 -1.875779e+01 
-4.551288e+00 -3.792279e+00 
-1.750999e+01 -1.389042e+01 
-2.226879e+01 4.870144e+00 
-7.505371e+00 2.250132e+01 
2.816341e+01 -6.619263e+00 
-2.329637e+01 -2.466644e+01 
-1.384809e+01 4.799232e+00 
-1.211412e+01 5.790185e+00 
-1.194291e+01 7.846134e+00 
1.355216e+01 2.212875e+01 
2.134156e+01 -3.075924e+01 
-4.344583e+01 -2.222329e+01 
-1.565377e+01 2.600495e+01 
-7.217195e+00 1.403891e+01 
1.193896e+01 8.202687e+00 
2.181950e+00 -1.408335e+00 
-9.082773e+00 -6.852724e+00 
6.024144e+00 1.036740e+01 
-5.608090e+00 -1.496431e+01 
-1.476033e+01 -4.512254e+00 
-1.438854e+01 2.001597e+01 
4.746806e+00 -2.409855e+00 
-4.581212e+00 9.863918e+00 
-1.097531e+01 -3.151378e+00 
8.829440e+00 2.006306e+01 
-8.741498e+00 -1.785942e+01 
-1.173459e+01 2.342221e+01 
8.025660e+00 1.359060e+01 
1.706009e+01 -1.009807e+00 
-3.969376e+00 -7.957959e+00 
-4.890761e+00 3.015733e+00 
2.173303e+00 7.231472e+00 
1.399946e+01 5.921413e+00 
-3.805579e-02 -3.371707e+01 
-2.017317e+01 2.097223e+01 
-5.635798e+00 -1.574868e+01 
3.640641e+00 4.113249e+01 
1.056813e+01 -2.698241e+01 
5.251819e+00 1.709601e+01 
3.697235e+00 -2.357376e+01 
-7.493896e+00 -1.064085e+00 
-3.098122e+00 -1.025953e+01 
-2.234845e+01 4.335021e+00 
9.070869e+00 7.575260e+00 
-6.195575e+00 3.416007e+00 
5.221422e+00 -5.867689e+00 
7.394646e+00 -2.931413e-01 
-2.261949e+01 -2.206644e+01 
5.732761e+00 1.754991e+01 
-1.307207e+01 -1.680661e+01 
-2.963000e+00 -3.745285e+00 
-2.407883e+01 8.431580e-01 
-6.701956e+00 -4.092766e-02 
-2.412678e+01 5.159255e+00 
-1.235328e+01 2.480934e+01 
5.047661e+00 9.141601e+00 
-4.120003e+00 7.808953e+00 
-7.936537e+00 1.125381e+01 
5.509580e+00 8.657181e+00 
-2.925927e+00 1.919895e+01 
1.153925e+01 -8.757178e+00 
-3.697614e+00 2.797076e+01 
2.958829e+01 -2.125227e+01 
-2.158836e+01 -9.497782e+00 
-4.023548e+00 5.671385e+00 
-1.314144e+01 -1.092383e+00 
4.714965e+00 1.930630e+01 
-7.436848e+00 -2.436866e+01 
-2.830432e+01 2.577726e+01 
-5.151947e+00 1.335104e+01 
-1.147007e+00 4.113023e+01 
3.270237e+01 1.454532e+01 
1.947213e+01 -1.730676e+01 
-1.876216e+01 1.030552e+01 
2.954871e+01 -4.488626e+00 
-2.228699e+01 4.069429e+00 
1.329395e+01 6.125953e+00 
6.266513e+00 4.134101e+00 
-1.574123e+01 9.130094e+00 
4.292888e+01 1.355267e+01 
-8.300218e+00 -9.900088e+00 
2.804719e+01 -1.492578e+01 
-2.242498e+01 -3.983138e+00 
1.332984e+01 -2.995116e+00 
-1.351024e+01 -7.310739e+00 
8.140674e+00 1.471446e+01 
1.962732e+00 -2.020123e+01 
-1.263241e+00 -3.727904e-01 
-1.981322e+01 -4.846437e+00 
5.309647e+00 3.383367e+00 
-1.119967e+01 1.022994e+01 
7.376275e+00 -2.244253e+01 
-4.329848e+01 1.339324e+01 
