   I        Q 
3.244012e+01        0 
2.060226e+01        0 
1.282336e+01        0 
1.653040e+01        0 
5.791391e-01        0 
1.028526e+01        0 
1.672454e+01        0 
2.855558e+01        0 
4.340835e+00        0 
2.187276e+01        0 
4.551455e+00        0 
2.360437e+01        0 
1.361970e+01        0 
2.642424e+01        0 
4.867034e+01        0 
3.175692e+01        0 
9.101238e+00        0 
1.400198e+01        0 
2.526479e+01        0 
2.366836e+01        0 
5.424230e+00        0 
2.979126e+01        0 
2.095632e+01        0 
1.065107e+01        0 
8.884915e+00        0 
2.248348e+01        0 
3.097755e+01        0 
2.141685e+01        0 
2.376618e+01        0 
1.771610e+01        0 
2.571672e+01        0 
3.446876e+01        0 
2.479387e+00        0 
2.821198e+01        0 
1.878273e+01        0 
1.980555e+01        0 
7.199289e-01        0 
1.074592e+01        0 
1.409813e+01        0 
3.629123e+01        0 
2.675732e+01        0 
8.311410e+00        0 
1.437335e+01        0 
2.771828e+00        0 
2.095598e+01        0 
1.729495e+01        0 
1.048757e+01        0 
1.352761e+01        0 
1.309073e+01        0 
1.930696e+01        0 
1.703193e+01        0 
9.986701e+00        0 
3.742869e+01        0 
2.377686e+01        0 
2.302020e+01        0 
1.098103e+01        0 
1.839895e+01        0 
1.210322e+01        0 
2.674927e+01        0 
2.222769e+01        0 
6.463990e+00        0 
4.021313e+00        0 
2.005033e+01        0 
2.958930e+01        0 
7.443857e+00        0 
3.332320e+01        0 
3.516611e+01        0 
2.526867e+01        0 
3.154267e+00        0 
4.201759e+00        0 
2.093901e+01        0 
1.495496e+01        0 
9.394260e+00        0 
1.362116e+01        0 
2.717519e+01        0 
2.685288e+01        0 
4.851931e+00        0 
1.075940e+01        0 
2.372403e+01        0 
3.666213e+01        0 
1.593749e+01        0 
5.982250e+00        0 
6.045854e+00        0 
2.019641e+01        0 
2.746936e+01        0 
3.104395e+00        0 
3.088012e+01        0 
7.604942e+00        0 
1.607503e+01        0 
1.539115e+01        0 
1.988779e+01        0 
1.403076e+01        0 
1.961606e+01        0 
1.404185e+01        0 
4.905479e+00        0 
4.159706e+01        0 
3.913857e+01        0 
8.296739e+00        0 
3.416615e+01        0 
1.184302e+01        0 
2.554639e+01        0 
2.546145e+01        0 
2.390724e+01        0 
3.905807e+01        0 
2.483409e+01        0 
2.455905e+01        0 
1.033311e+01        0 
2.571456e+01        0 
1.509723e+01        0 
6.793228e+00        0 
1.067613e+01        0 
2.907782e+01        0 
2.527529e+01        0 
7.994940e+00        0 
2.808063e+01        0 
1.337251e+01        0 
2.415090e+01        0 
1.132369e+01        0 
1.591997e+01        0 
2.218379e+01        0 
3.975117e+01        0 
1.327640e+01        0 
1.258307e+01        0 
1.976131e+01        0 
2.411353e+01        0 
5.943916e+00        0 
1.469120e+01        0 
1.665093e+01        0 
1.730715e+01        0 
4.819675e+00        0 
3.258833e+00        0 
1.197271e+01        0 
1.085997e+01        0 
2.352000e+01        0 
2.186756e+01        0 
9.788996e+00        0 
2.014852e+01        0 
1.945099e+01        0 
1.136388e+01        0 
2.296162e+01        0 
2.751191e+01        0 
2.325014e+01        0 
1.624200e+01        0 
1.072754e+01        0 
1.365746e+01        0 
2.804114e+01        0 
2.180649e+01        0 
1.900594e+01        0 
2.750183e+01        0 
3.682923e+01        0 
1.258776e+01        0 
7.266459e+00        0 
9.607389e+00        0 
1.461119e+01        0 
2.871267e+01        0 
4.381688e+01        0 
4.111371e+01        0 
3.293753e+01        0 
2.032690e+01        0 
1.236210e+01        0 
3.504170e+01        0 
2.967669e+01        0 
1.364271e+01        0 
2.007145e+01        0 
2.065265e+01        0 
2.355098e+01        0 
3.410842e+01        0 
1.532181e+01        0 
1.178989e+01        0 
8.500930e+00        0 
5.446945e+00        0 
1.761959e+01        0 
1.209179e+01        0 
1.769434e+01        0 
1.603014e+01        0 
7.588498e+00        0 
1.659259e+01        0 
1.117169e+01        0 
2.232044e+01        0 
1.622114e+01        0 
1.272279e+01        0 
1.451673e+01        0 
2.787855e+01        0 
6.479707e+00        0 
1.794287e+01        0 
1.575571e+01        0 
1.546861e+01        0 
1.901033e+01        0 
4.703973e+01        0 
3.103608e+01        0 
8.927975e+00        0 
6.008252e+00        0 
1.614804e+01        0 
2.375388e+01        0 
5.050626e+01        0 
1.864203e+01        0 
3.299941e+01        0 
1.848618e+01        0 
2.050742e+01        0 
3.055890e+01        0 
1.972661e+01        0 
1.878057e+01        0 
2.870933e+00        0 
2.317265e+01        0 
1.418005e+01        0 
7.511040e+00        0 
1.691986e+01        0 
8.964110e+00        0 
2.461244e+00        0 
3.796412e+01        0 
4.196012e+01        0 
1.353661e+01        0 
5.989077e+00        0 
1.731514e+01        0 
9.869312e+00        0 
2.109661e+01        0 
6.768472e+00        0 
8.725511e+00        0 
9.454787e+00        0 
1.146609e+01        0 
1.398088e+01        0 
5.161922e+00        0 
6.991323e+00        0 
2.590108e+01        0 
1.730553e+01        0 
2.213747e+01        0 
2.791270e+01        0 
1.177095e+01        0 
3.457540e+01        0 
3.720864e+01        0 
2.610128e+00        0 
1.941943e+01        0 
2.181268e+01        0 
5.750304e+00        0 
1.475318e+01        0 
1.380193e+01        0 
2.312066e+01        0 
2.242544e+01        0 
1.958124e+01        0 
4.595095e+01        0 
1.274446e+01        0 
2.042334e+01        0 
1.519526e+01        0 
1.186477e+01        0 
3.078802e+01        0 
1.737036e+01        0 
2.558096e+01        0 
1.521108e+01        0 
7.700738e+00        0 
2.976123e+00        0 
7.446914e+00        0 
4.103930e+00        0 
4.879558e+00        0 
1.702999e+01        0 
2.905914e+01        0 
2.301065e+01        0 
1.248660e+01        0 
1.182340e+01        0 
1.345794e+01        0 
1.347988e+01        0 
4.017101e+00        0 
1.114627e+01        0 
8.322830e+00        0 
2.442816e+01        0 
1.756438e+01        0 
1.023646e+01        0 
8.228499e+00        0 
2.628765e+01        0 
2.405876e+01        0 
1.732735e+01        0 
2.918925e+01        0 
1.310165e+01        0 
2.053869e+01        0 
3.556474e+01        0 
3.470838e+01        0 
5.047186e+00        0 
1.622830e+01        0 
1.998433e+01        0 
4.120222e+01        0 
2.366562e+01        0 
3.609723e+01        0 
4.037678e+01        0 
9.839697e+00        0 
1.570093e+01        0 
1.500141e+01        0 
8.641730e+00        0 
5.033978e+00        0 
5.740675e+00        0 
6.741122e+00        0 
2.348689e+01        0 
9.826249e+00        0 
1.484135e+01        0 
2.841082e+01        0 
1.851416e+01        0 
1.523843e+01        0 
9.948613e+00        0 
3.510173e+01        0 
2.847867e+01        0 
1.571474e+01        0 
1.787539e+01        0 
1.873888e+01        0 
1.514654e+01        0 
1.777033e+01        0 
2.487841e+01        0 
1.893299e+01        0 
9.701420e+00        0 
9.415002e+00        0 
7.064102e+00        0 
1.059755e+01        0 
1.571889e+01        0 
7.140443e+00        0 
2.093427e+01        0 
1.502743e+01        0 
2.223511e+01        0 
2.980816e+01        0 
2.151248e+01        0 
2.569284e+01        0 
1.560015e+01        0 
1.454769e+01        0 
3.420176e+01        0 
1.106889e+01        0 
2.843650e+01        0 
2.897523e+01        0 
2.240039e+01        0 
2.850981e+00        0 
7.042088e+00        0 
9.935858e+00        0 
1.875176e+01        0 
3.148391e+01        0 
1.383968e+01        0 
1.656392e+01        0 
1.926183e+01        0 
1.219593e+01        0 
1.574385e+01        0 
1.083212e+01        0 
3.006372e+01        0 
1.527307e+01        0 
9.790013e+00        0 
1.151010e+01        0 
8.710297e+00        0 
1.295361e+01        0 
1.367848e+01        0 
1.633828e+01        0 
2.741494e+01        0 
1.764344e+01        0 
1.512004e+01        0 
1.124085e+01        0 
7.783785e+00        0 
4.036216e+00        0 
2.632770e+01        0 
4.488100e+01        0 
2.427625e+01        0 
3.138121e+01        0 
3.557887e+01        0 
1.209412e+01        0 
1.961265e+01        0 
4.907827e+00        0 
7.783122e-01        0 
3.425120e+00        0 
9.091955e+00        0 
2.595628e+01        0 
3.741568e+01        0 
1.568505e+01        0 
7.867279e+00        0 
2.640807e+01        0 
2.566727e+01        0 
1.552937e+01        0 
1.478761e+01        0 
1.137254e+01        0 
1.818938e+01        0 
1.221911e+01        0 
1.368635e+01        0 
4.840233e+01        0 
4.283693e+01        0 
2.104354e+01        0 
3.259144e+01        0 
1.910175e+01        0 
2.171156e+01        0 
1.667995e+01        0 
1.865779e+01        0 
2.947589e+01        0 
1.631430e+01        0 
9.057634e+00        0 
2.065457e+01        0 
2.342375e+01        0 
1.245082e+01        0 
1.726644e+01        0 
1.245424e+01        0 
3.759298e+01        0 
4.622189e+01        0 
2.668827e+01        0 
1.514033e+01        0 
2.096468e+01        0 
1.993728e+01        0 
1.558004e+01        0 
1.662062e+01        0 
2.471234e+01        0 
2.845911e+01        0 
1.958729e+01        0 
9.167921e+00        0 
2.436171e+01        0 
2.186288e+01        0 
8.738041e+00        0 
1.725148e+01        0 
4.108229e+00        0 
1.934262e+01        0 
1.483934e+01        0 
4.150115e+01        0 
3.841013e+01        0 
6.388348e+00        0 
2.590668e+01        0 
2.290452e+01        0 
3.490866e+01        0 
1.294735e+01        0 
8.977440e+00        0 
1.477476e+01        0 
1.765864e+01        0 
1.766924e+01        0 
1.567269e+01        0 
5.248807e+00        0 
9.320457e+00        0 
2.653614e+01        0 
3.363329e+01        0 
1.543631e+01        0 
1.713681e+01        0 
1.167072e+01        0 
2.429823e+01        0 
2.848615e+01        0 
2.509913e+01        0 
2.746723e+01        0 
7.228652e+00        0 
3.382147e+00        0 
2.041015e+01        0 
2.284559e+01        0 
3.526242e+01        0 
9.181390e+00        0 
1.879621e+01        0 
1.968210e+01        0 
1.321160e+01        0 
1.945699e+01        0 
3.921798e+01        0 
2.573455e+01        0 
6.614976e+00        0 
3.447972e+01        0 
3.394691e+01        0 
5.159136e+00        0 
1.017874e+01        0 
1.586429e+01        0 
4.685655e+00        0 
1.154009e+01        0 
1.567567e+01        0 
1.027614e+01        0 
3.355674e+01        0 
2.241642e+01        0 
2.449193e+01        0 
2.529794e+01        0 
1.831449e+01        0 
1.795563e+01        0 
3.041405e+01        0 
2.230278e+01        0 
1.451209e+01        0 
1.593847e+01        0 
1.758614e+01        0 
1.152569e+01        0 
8.137621e+00        0 
9.895547e+00        0 
3.035754e+01        0 
2.514986e+01        0 
3.183001e+01        0 
2.374980e+01        0 
2.068401e+01        0 
2.210844e+01        0 
1.900297e+01        0 
2.153967e+01        0 
8.947407e+00        0 
1.337160e+01        0 
1.379997e+01        0 
1.703948e+01        0 
4.275368e+00        0 
1.546773e+01        0 
1.179177e+01        0 
2.778578e+01        0 
1.643217e+01        0 
5.792870e+00        0 
2.383836e+01        0 
1.487637e+01        0 
1.787084e+01        0 
5.844735e+00        0 
3.055092e+01        0 
1.163484e+01        0 
2.916253e+01        0 
1.436607e+01        0 
8.480348e+00        0 
2.559009e+01        0 
1.749238e+01        0 
7.085252e+00        0 
2.165238e+01        0 
1.696238e+01        0 
1.823004e+01        0 
1.670176e+01        0 
1.018158e+01        0 
1.934079e+01        0 
3.545085e+01        0 
2.929049e+01        0 
2.558988e+01        0 
4.227455e+00        0 
7.975942e+00        0 
4.293227e+01        0 
4.269514e+01        0 
3.379804e+00        0 
1.661201e+01        0 
8.327475e+00        0 
2.228211e+01        0 
2.240677e+01        0 
4.730605e+00        0 
2.220633e+00        0 
1.327676e+00        0 
1.354721e+01        0 
1.501309e+01        0 
7.433447e+00        0 
1.041162e+01        0 
1.952026e+01        0 
1.781679e+00        0 
2.836831e+01        0 
3.775030e+01        0 
1.199957e+01        0 
2.932954e+01        0 
1.795573e+01        0 
1.812443e+01        0 
1.669335e+01        0 
1.271412e+01        0 
2.327637e+01        0 
2.596807e+01        0 
1.389269e+01        0 
1.728767e+01        0 
4.133276e+00        0 
2.659941e+01        0 
2.783548e+01        0 
1.459746e+01        0 
1.353881e+01        0 
1.495474e+01        0 
1.310350e+01        0 
1.104179e+01        0 
8.157099e+00        0 
2.065493e+01        0 
2.158548e+01        0 
8.335417e+00        0 
3.030556e+01        0 
4.420220e+01        0 
2.359122e+01        0 
2.587117e+01        0 
4.826955e+01        0 
3.710572e+01        0 
4.700714e+01        0 
2.590992e+01        0 
3.161963e+01        0 
3.031429e+01        0 
3.054345e+01        0 
3.317232e+01        0 
1.656221e+01        0 
1.910484e+01        0 
1.386955e+01        0 
3.323932e+01        0 
1.234486e+01        0 
2.635390e+01        0 
3.258422e+00        0 
2.533294e+01        0 
1.812611e+01        0 
2.677593e+01        0 
2.612329e+01        0 
2.974742e+01        0 
1.413245e+01        0 
2.948659e+00        0 
1.196973e+01        0 
1.107906e+01        0 
2.063352e+01        0 
2.043939e+01        0 
3.452358e+01        0 
4.077796e+01        0 
7.870099e+00        0 
8.996053e+00        0 
1.142987e+01        0 
1.892333e+01        0 
1.026025e+01        0 
5.444109e+00        0 
1.999920e+01        0 
3.008915e+01        0 
1.093749e+01        0 
2.540501e+01        0 
8.387337e+00        0 
1.724162e+01        0 
3.790512e+00        0 
7.730460e+00        0 
6.533455e+00        0 
2.088680e+01        0 
7.635065e+00        0 
3.169117e+00        0 
1.396879e+01        0 
1.505838e+01        0 
2.002396e+01        0 
1.121233e+01        0 
1.800326e+01        0 
1.335975e+01        0 
1.732847e+01        0 
1.258135e+01        0 
2.577799e+01        0 
3.743335e+01        0 
8.751344e+00        0 
2.724680e+01        0 
2.744418e+01        0 
2.550791e+01        0 
2.632964e+01        0 
4.846897e+00        0 
2.354726e+01        0 
1.336761e+01        0 
1.134134e+01        0 
7.835600e+00        0 
7.756685e-01        0 
2.248334e+01        0 
2.309597e+01        0 
1.244818e+01        0 
1.016280e+01        0 
5.306600e+00        0 
1.056786e+01        0 
6.248258e+00        0 
1.389350e+01        0 
1.470380e+01        0 
1.732306e+01        0 
1.339986e+01        0 
7.336166e+00        0 
3.076294e+01        0 
3.148129e+01        0 
1.596546e+01        0 
3.209076e+01        0 
3.828367e+00        0 
1.647800e+01        0 
8.677803e+00        0 
4.043535e+01        0 
3.799503e+01        0 
2.500822e+01        0 
1.551353e+01        0 
8.550184e+00        0 
1.882502e+01        0 
2.386689e+01        0 
1.736445e+01        0 
2.179710e+01        0 
2.995404e+01        0 
1.564000e+01        0 
1.786254e+01        0 
1.207898e+01        0 
9.674534e+00        0 
3.149627e+01        0 
2.822818e+01        0 
2.968496e+01        0 
1.029028e+01        0 
9.782618e+00        0 
1.911675e+01        0 
1.157045e+01        0 
3.014214e+01        0 
8.936427e+00        0 
9.343054e+00        0 
1.979087e+01        0 
2.140346e+01        0 
3.247983e+01        0 
1.576864e+01        0 
1.268837e+01        0 
2.893992e+01        0 
2.356230e+01        0 
1.638295e+01        0 
3.952140e+01        0 
2.556630e+01        0 
3.168175e+01        0 
4.299793e+01        0 
1.269700e+01        0 
1.364907e+01        0 
1.000611e+01        0 
2.470360e+01        0 
1.920441e+01        0 
1.844076e+01        0 
5.385459e+00        0 
4.912613e+00        0 
2.106924e+01        0 
3.100140e+01        0 
1.847008e+01        0 
8.569033e+00        0 
1.512187e+01        0 
9.418564e+00        0 
1.092941e+01        0 
3.100933e+01        0 
1.928154e+01        0 
1.188358e+01        0 
1.141478e+01        0 
1.031024e+01        0 
1.062287e+01        0 
1.488269e+01        0 
1.162685e+01        0 
1.877904e+01        0 
1.603594e+01        0 
1.311976e+01        0 
1.176168e+01        0 
2.419386e+01        0 
3.197964e+01        0 
3.685397e+00        0 
2.274743e+01        0 
3.675610e+01        0 
4.145506e+01        0 
2.452742e+01        0 
6.700510e+00        0 
5.637276e+00        0 
2.418943e+01        0 
1.672878e+01        0 
1.655995e+01        0 
3.892573e+01        0 
3.830041e+01        0 
1.133435e+01        0 
1.027857e+01        0 
3.646029e+01        0 
3.524134e+01        0 
2.164362e+01        0 
6.062161e+00        0 
2.516101e+01        0 
2.932699e+01        0 
2.462624e+01        0 
1.450297e+01        0 
1.025164e+01        0 
1.225064e+01        0 
3.029747e+01        0 
2.523858e+01        0 
2.371853e+01        0 
4.985605e+00        0 
2.357192e+01        0 
5.732916e+00        0 
3.377177e+01        0 
5.484525e+00        0 
2.235053e+01        0 
8.735506e+00        0 
1.353076e+01        0 
1.586529e+01        0 
1.553014e+01        0 
1.490815e+01        0 
2.633018e+00        0 
1.076315e+01        0 
5.449082e+00        0 
5.928696e+00        0 
1.298048e+01        0 
1.798881e+01        0 
1.658950e+01        0 
1.870946e+01        0 
3.024153e+01        0 
2.134924e+01        0 
2.890234e+01        0 
3.907968e+01        0 
1.799120e+01        0 
1.860380e+01        0 
2.053688e+01        0 
1.234958e+01        0 
8.300514e+00        0 
2.031846e+01        0 
2.217143e+01        0 
1.315752e+01        0 
1.874450e+01        0 
1.467599e+01        0 
3.289736e+01        0 
2.148662e+01        0 
2.280991e+01        0 
2.359378e+01        0 
2.346620e+01        0 
4.023035e+01        0 
1.247377e+01        0 
3.388483e+01        0 
1.412909e+01        0 
1.180812e+01        0 
3.089223e+01        0 
1.700361e+01        0 
1.129148e+01        0 
2.343804e+01        0 
1.562661e+01        0 
2.313354e+01        0 
1.554861e+01        0 
8.425466e+00        0 
1.992898e+01        0 
3.318032e+01        0 
2.598747e+01        0 
2.100997e+01        0 
1.828987e+01        0 
1.974681e+01        0 
1.848520e+01        0 
3.464749e+00        0 
2.448186e+01        0 
1.333141e+01        0 
2.079133e+00        0 
2.340797e+01        0 
3.035327e+01        0 
8.906725e+00        0 
2.679053e+01        0 
1.202902e+01        0 
3.398477e+01        0 
3.443754e+01        0 
1.226293e+01        0 
2.553875e+01        0 
1.680348e+01        0 
1.218112e+01        0 
1.203876e+01        0 
3.452163e+01        0 
2.950925e+01        0 
9.555177e+00        0 
3.267587e+00        0 
2.885341e+01        0 
4.036157e+01        0 
2.411770e+01        0 
1.343939e+01        0 
5.325447e+00        0 
1.693315e+01        0 
2.155622e+01        0 
1.816471e+01        0 
6.950397e+00        0 
2.594023e+01        0 
2.597057e+01        0 
1.644239e+01        0 
2.708293e+01        0 
2.190108e+01        0 
1.611160e+01        0 
1.376096e+01        0 
3.755476e+00        0 
3.945344e+01        0 
2.487422e+01        0 
1.902952e+01        0 
7.473479e+00        0 
2.854834e+01        0 
1.558603e+01        0 
2.267546e+01        0 
2.944274e+01        0 
2.350074e+01        0 
1.789559e+01        0 
2.507315e+01        0 
2.844080e+01        0 
7.620288e+00        0 
1.594923e+01        0 
8.622660e+00        0 
1.664885e+01        0 
2.598485e+01        0 
2.115451e+01        0 
9.558707e+00        0 
2.554466e+01        0 
1.371919e+01        0 
1.229819e+01        0 
2.120615e+01        0 
2.154025e+01        0 
1.242804e+01        0 
2.100645e+01        0 
8.846498e-01        0 
2.288885e+01        0 
3.427433e+01        0 
2.077544e+01        0 
1.428956e+01        0 
7.239125e+00        0 
2.330505e+01        0 
2.579586e+01        0 
2.298745e+01        0 
1.061251e+01        0 
1.617119e+01        0 
3.682192e+01        0 
1.497324e+01        0 
1.725333e+01        0 
1.623987e+01        0 
1.057347e+01        0 
5.603412e+00        0 
7.358817e+00        0 
1.711710e+01        0 
2.255019e+01        0 
3.426796e+01        0 
3.832326e+01        0 
2.125748e+01        0 
1.642119e+01        0 
3.593915e+00        0 
1.080817e+01        0 
2.839350e+01        0 
2.456714e+01        0 
1.008698e+01        0 
6.704819e+00        0 
1.087671e+01        0 
2.208255e+01        0 
9.947129e+00        0 
2.682409e+01        0 
8.337713e+00        0 
1.232818e+01        0 
9.620142e+00        0 
2.424186e+00        0 
2.041748e+01        0 
3.552678e+01        0 
1.226123e+01        0 
1.904662e+01        0 
2.318845e+01        0 
4.132659e+01        0 
1.800896e+01        0 
1.741042e+01        0 
5.103941e+01        0 
2.897242e+01        0 
1.473245e+01        0 
1.111236e+01        0 
6.907045e+00        0 
2.797107e+01        0 
1.068644e+01        0 
2.582320e+01        0 
1.945746e+01        0 
3.252144e+00        0 
1.291144e+01        0 
4.226150e+00        0 
3.050463e+01        0 
4.297995e+01        0 
2.372263e+01        0 
4.898009e+00        0 
8.907431e+00        0 
2.514423e+01        0 
4.477643e+00        0 
2.660051e+01        0 
1.448334e+01        0 
2.551137e+01        0 
2.071686e+01        0 
9.073362e+00        0 
1.837465e+01        0 
1.331769e+01        0 
3.419114e+01        0 
2.061769e+00        0 
3.622365e+01        0 
1.571638e+01        0 
2.173816e+01        0 
2.510275e+01        0 
5.548394e+00        0 
1.818531e+01        0 
1.681317e+01        0 
3.022388e+01        0 
7.289092e+00        0 
4.566630e+00        0 
7.537720e+00        0 
1.018521e+01        0 
1.445971e+01        0 
1.120780e+01        0 
1.804541e+01        0 
2.414814e+01        0 
4.897538e+00        0 
2.504228e+01        0 
1.343696e+01        0 
1.749116e+01        0 
2.955337e+01        0 
1.736017e+01        0 
1.255921e+01        0 
3.315107e+01        0 
1.728259e+01        0 
1.757329e+01        0 
3.802413e+01        0 
3.330850e+01        0 
1.507621e+01        0 
1.379726e+01        0 
2.296090e+01        0 
3.023700e+01        0 
1.927126e+01        0 
5.443097e+00        0 
9.694474e+00        0 
2.420667e+01        0 
4.283621e+01        0 
1.530681e+01        0 
3.102691e+01        0 
2.211023e+01        0 
3.605411e+00        0 
1.345317e+01        0 
2.972614e+00        0 
2.014510e+01        0 
2.052202e+01        0 
1.058333e+01        0 
2.114621e+01        0 
3.912781e+01        0 
2.503394e+01        0 
1.537564e+01        0 
3.187743e+00        0 
1.501207e+01        0 
5.952881e+00        0 
2.721815e+01        0 
1.409440e+01        0 
3.243810e+01        0 
2.722517e+01        0 
6.775133e+00        0 
1.908251e+01        0 
1.946105e+01        0 
1.243640e+01        0 
7.004191e+00        0 
1.613746e+01        0 
1.275307e+01        0 
2.823631e+01        0 
2.754818e+01        0 
1.236668e+01        0 
7.465922e+00        0 
7.070591e+00        0 
1.434178e+01        0 
1.948676e+01        0 
1.375439e+01        0 
3.422321e+01        0 
2.774457e+01        0 
3.772010e+01        0 
2.574207e+01        0 
3.769661e+01        0 
2.157856e+01        0 
1.194680e+01        0 
3.200530e+01        0 
2.143193e+01        0 
8.590098e+00        0 
1.181543e+01        0 
5.696221e+00        0 
7.679245e+00        0 
1.722134e+01        0 
2.184191e+01        0 
3.859195e+00        0 
2.145651e+01        0 
2.877242e+01        0 
2.601322e+01        0 
3.068286e+01        0 
2.474539e+01        0 
2.480973e+01        0 
2.182387e+01        0 
2.307223e+01        0 
6.398196e+00        0 
2.911623e+01        0 
1.804897e+01        0 
3.131119e+01        0 
2.489952e+01        0 
9.974164e+00        0 
1.778150e+01        0 
8.438795e+00        0 
1.384515e+01        0 
6.728067e+00        0 
1.431965e+01        0 
2.520376e+01        0 
2.366193e+01        0 
1.535885e+01        0 
1.765100e+01        0 
2.340343e+01        0 
1.112626e+01        0 
2.571596e+01        0 
6.303845e+00        0 
7.621438e+00        0 
1.537041e+01        0 
1.265028e+01        0 
1.809122e+01        0 
2.158865e+01        0 
8.448187e+00        0 
5.752524e+00        0 
1.272638e+01        0 
8.338855e+00        0 
2.537829e+01        0 
2.427250e+01        0 
2.194403e+01        0 
2.226864e+01        0 
1.728899e+01        0 
2.751577e+01        0 
3.118443e+01        0 
2.434366e+01        0 
1.349478e+01        0 
3.496182e+01        0 
2.909361e+01        0 
7.210449e+00        0 
1.433483e+01        0 
3.060015e+01        0 
1.202294e+01        0 
8.432380e-01        0 
1.937629e+01        0 
1.507225e+01        0 
2.043752e+01        0 
3.286455e+01        0 
1.073193e+01        0 
1.499440e+01        0 
1.975856e+01        0 
1.299598e+01        0 
1.390429e+01        0 
9.892042e+00        0 
1.470691e+01        0 
1.420761e+01        0 
1.304793e+01        0 
2.010521e+01        0 
2.126525e+01        0 
1.476642e+01        0 
2.158167e+01        0 
1.732574e+01        0 
4.178134e+01        0 
2.111225e+01        0 
1.145392e+01        0 
2.166500e+01        0 
2.097912e+01        0 
2.713859e+01        0 
1.655089e+01        0 
1.913492e+01        0 
1.742886e+01        0 
1.685651e+01        0 
2.100456e+01        0 
7.067834e+00        0 
1.222757e+01        0 
6.931205e+00        0 
6.756516e+00        0 
1.330629e+01        0 
1.756027e+01        0 
9.526590e+00        0 
3.570169e+01        0 
2.551844e+01        0 
1.545112e+01        0 
1.725913e+01        0 
7.699101e+00        0 
1.226228e+01        0 
1.111172e+01        0 
8.235260e+00        0 
1.092499e+01        0 
2.689533e+01        0 
3.231531e+01        0 
1.679392e+01        0 
3.676077e+00        0 
1.843795e+01        0 
3.692114e+01        0 
1.433856e+01        0 
1.571669e+01        0 
4.103236e+00        0 
1.142708e+01        0 
2.429032e+01        0 
2.739941e+01        0 
1.854905e+01        0 
1.657184e+01        0 
1.893141e+01        0 
1.524601e+01        0 
1.736243e+01        0 
1.634820e+01        0 
2.624566e+01        0 
2.266467e+01        0 
1.935690e+01        0 
2.689684e+01        0 
3.833589e+01        0 
1.869408e+01        0 
2.674842e+01        0 
9.053768e+00        0 
1.045540e+01        0 
1.187078e+00        0 
2.274216e+01        0 
2.188225e+01        0 
6.294941e+00        0 
2.693019e+01        0 
2.822352e+01        0 
4.908302e+00        0 
6.536159e+00        0 
2.021415e+01        0 
4.938615e+00        0 
2.405647e+01        0 
7.930375e+00        0 
1.627811e+01        0 
1.425891e+01        0 
1.661986e+01        0 
1.684921e+01        0 
2.370761e+01        0 
3.817298e+00        0 
2.103744e+01        0 
2.375833e+01        0 
5.629891e+00        0 
2.259691e+01        0 
1.310095e+01        0 
2.114434e+01        0 
1.909259e+01        0 
4.298441e+00        0 
7.253623e+00        0 
2.143943e+01        0 
2.868876e+01        0 
2.031285e+01        0 
9.906062e+00        0 
1.827882e+01        0 
4.013463e+01        0 
2.327203e+01        0 
1.340504e+01        0 
1.013766e+01        0 
1.405191e+01        0 
2.979474e+01        0 
2.141210e+01        0 
6.500148e+00        0 
1.945709e+01        0 
7.949998e+00        0 
4.538599e-01        0 
1.999482e+01        0 
2.677874e+01        0 
1.994159e+01        0 
2.571494e+01        0 
3.029590e+01        0 
7.865471e+00        0 
9.670513e+00        0 
7.229905e+00        0 
5.406685e+00        0 
1.166954e+01        0 
6.740677e+00        0 
1.501504e+01        0 
9.750705e+00        0 
1.643457e+01        0 
1.353059e+01        0 
1.514721e+01        0 
1.477245e+01        0 
1.508836e+01        0 
1.795654e+01        0 
7.272348e+00        0 
1.426056e+01        0 
6.063718e+00        0 
1.587093e+01        0 
4.346094e+01        0 
4.053645e+01        0 
2.566027e+01        0 
2.860267e+01        0 
3.094537e+01        0 
1.707793e+01        0 
9.037680e+00        0 
1.567893e+01        0 
2.586434e+01        0 
3.149086e+01        0 
6.254488e+00        0 
1.820980e+01        0 
9.198398e+00        0 
7.052997e+00        0 
7.000655e+00        0 
2.087113e+01        0 
1.384864e+01        0 
9.679714e+00        0 
1.625709e+01        0 
1.583689e+01        0 
1.484638e+01        0 
1.341180e+01        0 
2.555448e+01        0 
1.976480e+01        0 
9.448818e+00        0 
3.190397e+01        0 
3.945350e+01        0 
1.890752e+01        0 
2.953131e+01        0 
1.804013e+01        0 
3.965210e+01        0 
8.629666e+00        0 
3.102420e+01        0 
2.223859e+01        0 
2.054312e+01        0 
2.466800e+01        0 
1.984108e+01        0 
2.619940e+01        0 
2.638984e+01        0 
1.757678e+01        0 
1.355060e+01        0 
1.333708e+01        0 
1.185164e+01        0 
2.178730e+01        0 
1.451433e+01        0 
1.234989e+01        0 
2.173141e+01        0 
3.496346e+01        0 
2.622889e+01        0 
8.925790e+00        0 
2.281391e+01        0 
3.481862e+01        0 
2.073139e+01        0 
1.567251e+01        0 
3.647549e+00        0 
8.226583e+00        0 
1.550158e+01        0 
8.930479e+00        0 
1.041538e+00        0 
1.236427e+01        0 
3.196605e+01        0 
2.551721e+01        0 
6.823515e+00        0 
1.893217e+01        0 
2.145943e+00        0 
8.590189e+00        0 
7.194555e+00        0 
2.359655e+00        0 
2.308374e+01        0 
2.892763e+01        0 
9.676654e+00        0 
8.673009e+00        0 
1.321542e+01        0 
1.560864e+01        0 
6.739325e+00        0 
1.592147e+01        0 
2.014896e+01        0 
7.790170e+00        0 
1.063173e+01        0 
1.262138e+01        0 
5.265104e+00        0 
1.345620e+01        0 
1.201065e+01        0 
2.224990e+01        0 
2.127187e+01        0 
2.173796e+01        0 
4.715402e+01        0 
2.464171e+01        0 
6.504002e+00        0 
1.018260e+01        0 
2.411372e+01        0 
2.117260e+01        0 
1.087526e+01        0 
6.820138e+00        0 
1.566611e+01        0 
1.766920e+01        0 
1.633932e+01        0 
3.775537e+01        0 
2.148322e+01        0 
1.855035e+01        0 
1.405072e+01        0 
2.753040e+01        0 
2.159243e+01        0 
2.181025e+01        0 
2.519432e+01        0 
3.579138e+01        0 
3.176983e+01        0 
1.295725e+01        0 
1.503160e+01        0 
1.785961e+01        0 
2.235483e+01        0 
2.292626e+01        0 
1.166661e+01        0 
1.157023e+01        0 
1.899524e+01        0 
2.122701e+01        0 
1.464492e+01        0 
2.785528e+01        0 
2.599543e+01        0 
1.251566e+01        0 
5.497690e+00        0 
1.883866e+01        0 
1.063686e+01        0 
6.602002e+00        0 
6.527903e+00        0 
8.665086e+00        0 
4.584061e+00        0 
1.144877e+01        0 
2.525187e+01        0 
1.249753e+01        0 
9.146451e+00        0 
1.236494e+01        0 
2.335022e+01        0 
4.038854e+01        0 
4.055788e+01        0 
2.433697e+01        0 
2.899401e+01        0 
2.267346e+01        0 
2.406212e+01        0 
1.327642e+01        0 
6.686526e+00        0 
2.066495e+01        0 
2.782434e+01        0 
2.150582e+01        0 
1.559245e+01        0 
1.000155e+01        0 
9.298354e+00        0 
3.191841e+01        0 
2.448860e+01        0 
7.771072e+00        0 
1.823673e+01        0 
1.186978e+01        0 
4.692205e+01        0 
3.020051e+01        0 
3.864363e+01        0 
2.222398e+01        0 
3.549504e+01        0 
3.014701e+01        0 
3.918828e+01        0 
2.086273e+01        0 
2.941691e+01        0 
1.284861e+01        0 
1.838322e+01        0 
9.920631e+00        0 
1.573703e+01        0 
1.539080e+01        0 
3.327985e+01        0 
1.370616e+01        0 
1.503714e+01        0 
1.307940e+01        0 
2.797205e+00        0 
2.667002e+01        0 
1.790277e+01        0 
1.714204e+01        0 
2.277728e+01        0 
1.764188e+00        0 
1.406665e+01        0 
1.305904e+01        0 
6.229272e+00        0 
1.729423e+01        0 
1.898309e+01        0 
3.889563e+00        0 
1.403144e+01        0 
2.123397e+01        0 
2.094088e+01        0 
2.648996e+01        0 
2.795429e+01        0 
2.969652e+01        0 
4.429407e+00        0 
1.223887e+01        0 
1.013527e+01        0 
2.112597e+01        0 
7.031709e+00        0 
3.467602e+01        0 
2.977447e+01        0 
6.321473e+00        0 
1.645734e+01        0 
1.394121e+01        0 
2.349348e+01        0 
1.009041e+01        0 
2.321362e+01        0 
3.906271e+00        0 
1.690139e+01        0 
8.584105e+00        0 
8.481724e+00        0 
2.680729e+01        0 
2.454255e+01        0 
1.193542e+01        0 
2.876687e+01        0 
1.805119e+01        0 
1.520476e+01        0 
1.558218e+00        0 
1.900483e+01        0 
1.569865e+01        0 
2.986255e+00        0 
1.497352e+01        0 
1.657611e+01        0 
6.498025e+00        0 
1.212658e+01        0 
1.771141e+01        0 
2.515976e+01        0 
2.820233e+01        0 
6.804200e+00        0 
9.516444e+00        0 
1.376827e+01        0 
3.730255e+01        0 
4.217815e+01        0 
2.594839e+01        0 
1.370516e+01        0 
2.201855e+01        0 
9.023575e+00        0 
2.015214e+01        0 
2.246935e+01        0 
7.509246e+00        0 
1.843231e+01        0 
1.175200e+01        0 
2.694743e+01        0 
6.815256e+00        0 
1.210074e+01        0 
8.888082e+00        0 
5.963348e+00        0 
1.142925e+01        0 
7.721070e+00        0 
2.610057e+01        0 
2.814917e+01        0 
7.352865e+00        0 
1.882337e+01        0 
5.732966e+00        0 
1.396427e+01        0 
1.061062e+01        0 
8.999163e+00        0 
2.639203e+01        0 
3.523491e+01        0 
6.905767e+00        0 
1.711965e+01        0 
3.289618e+00        0 
1.760392e+01        0 
1.417443e+01        0 
1.854829e+01        0 
4.012030e+00        0 
7.980678e+00        0 
2.407657e+01        0 
2.648645e+01        0 
1.560208e+01        0 
1.161965e+01        0 
1.812170e+01        0 
1.750748e+01        0 
1.872370e+01        0 
2.784687e+01        0 
3.220583e+01        0 
1.903054e+01        0 
1.920032e+01        0 
2.759404e+01        0 
1.359931e+01        0 
2.009789e+01        0 
7.456468e+00        0 
5.492419e+00        0 
1.295310e+01        0 
1.782257e+01        0 
1.919540e+01        0 
3.316813e+01        0 
3.243902e+01        0 
2.503409e+01        0 
5.585593e+00        0 
2.360454e+01        0 
2.956143e+01        0 
3.367846e+01        0 
1.008171e+01        0 
8.467299e+00        0 
2.030851e+01        0 
1.054397e+01        0 
2.056044e+01        0 
2.194482e+01        0 
3.172235e-01        0 
1.385073e+01        0 
1.219828e+01        0 
2.912128e+01        0 
2.409489e+01        0 
1.031406e+01        0 
1.582586e+01        0 
1.692577e+01        0 
6.499636e+00        0 
1.595700e+01        0 
9.529709e+00        0 
1.633458e+01        0 
8.093459e+00        0 
1.711954e+01        0 
2.006118e+01        0 
2.368978e+01        0 
2.328388e+01        0 
8.568954e+00        0 
1.070324e+01        0 
1.513596e+01        0 
1.856968e+01        0 
9.680325e+00        0 
4.785779e+00        0 
3.456911e+00        0 
6.404803e+00        0 
8.618685e+00        0 
1.844740e+01        0 
7.192838e+00        0 
2.347676e+01        0 
2.450818e+01        0 
1.562185e+00        0 
1.981663e+01        0 
1.677560e+01        0 
1.117882e+01        0 
1.724720e+01        0 
2.505341e+01        0 
1.559830e+01        0 
1.453618e+01        0 
2.753741e+00        0 
1.504773e+01        0 
1.113027e+01        0 
1.169147e+01        0 
3.660957e+00        0 
1.170073e+01        0 
5.154739e+00        0 
1.260972e+01        0 
1.411464e+01        0 
2.727964e+01        0 
5.368313e+00        0 
1.635419e+01        0 
3.224316e+01        0 
2.008036e+01        0 
1.544498e+01        0 
1.694650e+01        0 
2.759137e+01        0 
5.389212e+00        0 
2.627639e+01        0 
1.648338e+01        0 
1.194668e+00        0 
1.685343e+00        0 
5.728104e+00        0 
2.916701e+00        0 
6.773105e+00        0 
1.210529e+01        0 
1.048944e+01        0 
1.020988e+01        0 
1.603032e+01        0 
7.744839e+00        0 
2.057824e+01        0 
2.030283e+01        0 
8.016384e+00        0 
1.558848e+01        0 
3.383364e+00        0 
1.162441e+01        0 
9.204664e+00        0 
1.542648e+01        0 
3.145742e+01        0 
9.687035e+00        0 
6.750598e+00        0 
2.685590e+01        0 
3.575158e+01        0 
1.928064e+01        0 
2.994426e+01        0 
3.429028e+01        0 
3.712896e+01        0 
2.552605e+01        0 
9.851584e+00        0 
1.932088e+01        0 
2.540117e+01        0 
1.890414e+01        0 
1.533581e+01        0 
3.172341e+01        0 
2.519129e+01        0 
1.598643e+00        0 
1.173784e+01        0 
3.463496e+01        0 
2.820176e+01        0 
2.257889e+01        0 
2.606925e+01        0 
1.048184e+01        0 
2.232864e+01        0 
1.971099e+01        0 
2.060171e+01        0 
2.577221e+01        0 
5.663214e+00        0 
5.235377e+00        0 
3.207634e+00        0 
1.420179e+01        0 
1.676147e+01        0 
4.894735e+00        0 
4.093453e+00        0 
5.187397e+00        0 
2.081227e+01        0 
3.450734e+01        0 
9.819287e+00        0 
2.710339e+01        0 
2.241039e+01        0 
5.835053e+00        0 
6.911843e+00        0 
1.729123e+01        0 
3.205355e+01        0 
2.636606e+01        0 
2.129393e+01        0 
2.744723e+01        0 
2.412567e+00        0 
2.431416e+01        0 
1.586372e+01        0 
2.728062e+01        0 
4.874617e+01        0 
2.669582e+01        0 
6.666298e+00        0 
1.085465e+01        0 
3.028253e+01        0 
4.659528e+01        0 
1.851736e+01        0 
2.128285e+01        0 
1.699566e+01        0 
7.985508e+00        0 
6.007042e+00        0 
1.467296e+01        0 
3.579319e+01        0 
4.368341e+01        0 
2.014449e+01        0 
2.067703e+01        0 
1.875727e+01        0 
1.285003e+01        0 
1.616099e+01        0 
1.872921e+01        0 
9.545405e+00        0 
1.223580e+01        0 
8.994470e+00        0 
1.467806e+01        0 
2.161824e+01        0 
9.690768e+00        0 
2.621562e-01        0 
3.271064e+01        0 
2.144501e+01        0 
2.659729e+01        0 
3.338920e+01        0 
1.813568e+01        0 
2.950843e+01        0 
2.849154e+01        0 
3.229450e+01        0 
2.512216e+01        0 
1.954431e+01        0 
9.031958e+00        0 
4.823359e+00        0 
1.485614e+01        0 
2.724387e+01        0 
2.039519e+01        0 
1.252691e+01        0 
9.606937e+00        0 
3.703380e+01        0 
3.746661e+01        0 
2.129732e+01        0 
3.881290e+00        0 
1.296378e+01        0 
1.215621e+01        0 
2.271551e+01        0 
2.162966e+01        0 
1.659919e+01        0 
2.145553e+01        0 
1.399743e+00        0 
9.999042e+00        0 
1.197995e+01        0 
1.434661e+01        0 
1.109710e+01        0 
2.074848e+01        0 
3.209938e+01        0 
2.195185e+01        0 
1.080344e+01        0 
9.675688e+00        0 
2.493180e+01        0 
3.058723e+01        0 
2.645754e+00        0 
1.815606e+01        0 
1.969176e+01        0 
3.524792e+01        0 
4.209682e+01        0 
1.915187e+01        0 
2.503812e+01        0 
3.713744e+01        0 
1.202488e+01        0 
1.663381e+01        0 
9.986962e+00        0 
1.110198e+01        0 
2.551682e+01        0 
8.101537e+00        0 
1.601074e+01        0 
1.404638e+01        0 
7.516030e+00        0 
3.014441e+01        0 
4.070494e+01        0 
2.009687e+01        0 
2.434991e+01        0 
7.863387e+00        0 
1.091703e+01        0 
1.024099e+01        0 
1.226281e+01        0 
2.576948e+01        0 
3.284968e+01        0 
1.358206e+01        0 
1.497156e+01        0 
2.314131e+01        0 
3.941548e+01        0 
2.629826e+01        0 
2.166978e+01        0 
2.183459e+01        0 
3.595354e+01        0 
3.151437e+01        0 
2.218976e+01        0 
1.317454e+01        0 
4.841934e+00        0 
8.431770e+00        0 
1.439015e+01        0 
1.711248e+01        0 
2.538986e+00        0 
2.981315e+01        0 
2.471563e+01        0 
9.959784e+00        0 
1.693943e+01        0 
1.730206e+01        0 
1.987458e+01        0 
6.153919e+00        0 
4.192412e+01        0 
2.869375e+01        0 
1.219877e+01        0 
7.702140e+00        0 
2.242664e+01        0 
1.172795e+01        0 
2.606389e+01        0 
1.648337e+01        0 
1.132110e+01        0 
1.692937e+01        0 
1.074219e+01        0 
2.489306e+01        0 
3.234199e+01        0 
2.869060e+01        0 
4.231015e+01        0 
5.192399e+01        0 
2.433050e+01        0 
1.343584e+01        0 
2.992051e+01        0 
3.177796e+01        0 
9.631389e+00        0 
2.521959e+01        0 
2.756404e+01        0 
6.494225e+00        0 
1.304917e+01        0 
1.910396e+01        0 
1.656612e+01        0 
1.100250e+01        0 
9.749052e+00        0 
1.394076e+01        0 
7.667053e+00        0 
3.674246e+01        0 
2.720852e+01        0 
1.280765e+01        0 
1.240356e+01        0 
1.096505e+01        0 
1.536811e+01        0 
1.569282e+01        0 
7.756307e+00        0 
2.228955e+01        0 
2.575726e+01        0 
2.318103e+01        0 
1.632213e+01        0 
3.916499e+01        0 
1.667556e+01        0 
1.197943e+01        0 
2.233795e+01        0 
3.650088e+01        0 
1.786241e+01        0 
1.877441e+01        0 
2.347642e+01        0 
2.155978e+01        0 
2.312832e+01        0 
2.258725e+01        0 
2.090630e+01        0 
3.897551e+01        0 
1.974285e+01        0 
1.368764e+01        0 
4.606634e+00        0 
1.938316e+01        0 
1.697070e+01        0 
1.561770e+01        0 
3.226993e+01        0 
1.550835e+01        0 
2.920453e+01        0 
3.115554e+01        0 
1.334593e+01        0 
1.547565e+01        0 
2.056278e+01        0 
2.014930e+01        0 
1.015774e+01        0 
1.010829e+01        0 
2.896175e+00        0 
1.460973e+01        0 
1.340946e+01        0 
2.477966e+01        0 
1.916755e+01        0 
6.794115e+00        0 
7.309726e+00        0 
8.913616e+00        0 
1.779258e+01        0 
1.184703e+01        0 
1.354543e+01        0 
1.491336e+01        0 
1.597711e+01        0 
3.253553e+01        0 
2.723093e+01        0 
3.125262e+01        0 
2.178169e+01        0 
3.732281e+00        0 
8.193647e+00        0 
6.798081e+00        0 
1.962093e+01        0 
2.087281e+01        0 
1.680151e+01        0 
1.298720e+01        0 
1.700107e+01        0 
1.050659e+01        0 
6.338400e+00        0 
2.390719e+01        0 
8.559363e+00        0 
3.394166e+01        0 
2.785929e+01        0 
1.709802e+01        0 
3.304740e+01        0 
6.854299e+00        0 
2.830610e+01        0 
2.074436e+01        0 
5.240603e+00        0 
9.065050e+00        0 
6.265353e+00        0 
9.236821e+00        0 
1.702901e+01        0 
2.992787e+01        0 
2.703277e+01        0 
1.627406e+01        0 
8.611784e+00        0 
9.531736e+00        0 
3.152411e+01        0 
1.581759e+01        0 
1.331779e+01        0 
9.874392e+00        0 
9.372818e+00        0 
1.544560e+01        0 
2.194924e+01        0 
3.081069e+00        0 
7.468481e+00        0 
1.875887e+01        0 
7.201720e+00        0 
1.491340e+01        0 
1.562104e+01        0 
1.634732e+01        0 
1.102204e+01        0 
5.190364e+00        0 
8.885524e+00        0 
4.222376e+00        0 
2.495377e+01        0 
2.118369e+01        0 
1.289198e+01        0 
1.179537e+01        0 
1.586778e+01        0 
9.322431e+00        0 
2.228345e+01        0 
2.725889e+01        0 
3.217614e+01        0 
5.052026e+01        0 
2.866808e+01        0 
6.536194e+00        0 
1.295779e+01        0 
9.048674e+00        0 
2.220159e+01        0 
1.431038e+01        0 
1.606745e+01        0 
1.077504e+01        0 
2.130150e+01        0 
2.146704e+01        0 
1.696321e+01        0 
1.600483e+01        0 
2.109060e+01        0 
2.919845e+01        0 
9.880078e+00        0 
3.616956e+01        0 
1.770798e+01        0 
4.197923e+00        0 
2.728457e+01        0 
2.956643e+01        0 
9.058383e+00        0 
5.887229e+00        0 
4.500874e+00        0 
2.200914e+01        0 
2.839751e+01        0 
2.350191e+01        0 
3.040975e+01        0 
1.875928e+01        0 
2.172447e+00        0 
1.840271e+01        0 
1.887291e+01        0 
1.804031e+01        0 
2.184956e+00        0 
1.114275e+01        0 
2.743410e+01        0 
2.402811e+01        0 
2.674529e+01        0 
2.708069e+01        0 
2.297985e+01        0 
1.222393e+01        0 
3.899878e+01        0 
6.241679e+00        0 
2.245934e+01        0 
8.313555e+00        0 
5.822657e+00        0 
6.923962e+00        0 
1.707197e+01        0 
4.053219e+00        0 
1.578032e+01        0 
2.160185e+01        0 
3.115940e+01        0 
2.253968e+01        0 
1.605491e+01        0 
9.620370e+00        0 
1.065566e+01        0 
1.209517e+01        0 
5.100164e+00        0 
8.120910e+00        0 
1.242897e+01        0 
4.705287e+00        0 
2.289009e+01        0 
3.788448e+01        0 
1.324350e+01        0 
5.946581e+00        0 
3.339514e+01        0 
5.351944e+01        0 
6.346288e+00        0 
3.716188e+01        0 
2.825795e+00        0 
2.472667e+01        0 
5.924154e+00        0 
2.235047e+01        0 
2.279512e+01        0 
2.372003e+01        0 
2.893082e+01        0 
3.392866e+01        0 
1.465614e+01        0 
1.342677e+01        0 
1.428967e+01        0 
2.594885e+01        0 
3.743786e+01        0 
4.879974e+01        0 
3.035289e+01        0 
1.578540e+01        0 
1.448526e+01        0 
2.596981e+00        0 
1.137790e+01        0 
1.199055e+01        0 
1.598065e+01        0 
1.543463e+01        0 
2.465095e+01        0 
5.323492e+00        0 
1.087586e+01        0 
1.141878e+01        0 
2.191997e+01        0 
1.988398e+01        0 
2.619734e+01        0 
1.578340e+01        0 
1.708995e+01        0 
8.892978e+00        0 
5.745798e+00        0 
7.550989e+00        0 
1.520026e+01        0 
3.371710e+01        0 
2.909968e+01        0 
1.672672e+01        0 
4.129329e+01        0 
2.897820e+01        0 
1.788450e+01        0 
2.386193e+01        0 
7.569066e+00        0 
1.071711e+01        0 
2.276500e+01        0 
1.181800e+01        0 
7.074903e+00        0 
7.854490e+00        0 
7.400454e+00        0 
3.160014e+01        0 
1.846250e+01        0 
2.129181e+01        0 
4.775618e+00        0 
2.409359e+01        0 
6.702081e+00        0 
2.467224e+01        0 
2.771474e+01        0 
1.044259e+01        0 
8.829166e+00        0 
1.377087e+01        0 
1.026169e+01        0 
1.942062e+01        0 
1.448594e+01        0 
2.821410e+01        0 
3.642974e+01        0 
2.358527e+01        0 
6.953672e+00        0 
1.318676e+01        0 
1.987370e+01        0 
2.547819e+01        0 
3.828318e+01        0 
1.431059e+01        0 
4.114622e+01        0 
3.579122e+01        0 
2.605164e+01        0 
2.140613e+01        0 
2.988769e+01        0 
2.265546e+01        0 
1.463750e+01        0 
7.507328e+00        0 
1.819739e+01        0 
4.501737e+01        0 
1.291919e+01        0 
3.177143e+01        0 
2.277598e+01        0 
1.366219e+01        0 
1.536143e+01        0 
1.681624e+01        0 
2.029635e+01        0 
1.317099e+00        0 
2.039734e+01        0 
6.295993e+00        0 
1.516853e+01        0 
2.362364e+01        0 
4.532259e+01        0 
