3.653608e-16 
3.628862e-03 
2.777926e-03 
1.503868e-03 
3.931498e-03 
1.505358e-03 
2.783434e-03 
3.639663e-03 
2.901036e-15 
3.646900e-03 
2.794515e-03 
1.514359e-03 
3.962886e-03 
1.518899e-03 
2.811301e-03 
3.679818e-03 
2.362001e-15 
3.694637e-03 
2.833994e-03 
1.537333e-03 
4.027171e-03 
1.545145e-03 
2.862874e-03 
3.751275e-03 
9.591158e-15 
3.774413e-03 
2.898307e-03 
1.573929e-03 
4.127554e-03 
1.585410e-03 
2.940756e-03 
3.857666e-03 
4.968969e-15 
3.890343e-03 
2.990799e-03 
1.626065e-03 
4.269347e-03 
1.641846e-03 
3.049147e-03 
4.004785e-03 
9.446681e-16 
4.048878e-03 
3.116675e-03 
1.696710e-03 
4.460722e-03 
1.717746e-03 
3.194454e-03 
4.201447e-03 
2.996209e-15 
4.259784e-03 
3.283802e-03 
1.790347e-03 
4.714010e-03 
1.818078e-03 
3.386346e-03 
4.460960e-03 
2.150851e-15 
4.537839e-03 
3.504107e-03 
1.913782e-03 
5.047980e-03 
1.950424e-03 
3.639617e-03 
4.803743e-03 
7.145161e-15 
4.905876e-03 
3.796083e-03 
2.077615e-03 
5.491978e-03 
2.126692e-03 
3.977615e-03 
5.262194e-03 
3.441161e-15 
5.400512e-03 
4.189563e-03 
2.299047e-03 
6.093944e-03 
2.366465e-03 
4.439004e-03 
5.890344e-03 
5.312469e-15 
6.083772e-03 
4.735497e-03 
2.607709e-03 
6.937185e-03 
2.704092e-03 
5.092260e-03 
6.784864e-03 
1.735270e-15 
7.069035e-03 
5.528096e-03 
3.059051e-03 
8.179572e-03 
3.205522e-03 
6.070672e-03 
8.136641e-03 
9.661197e-15 
8.587204e-03 
6.762433e-03 
3.769912e-03 
1.015994e-02 
4.015072e-03 
7.671964e-03 
1.038142e-02 
3.052245e-15 
1.119097e-02 
8.917751e-03 
5.035408e-03 
1.375986e-02 
5.520373e-03 
1.072362e-02 
1.477579e-02 
9.039485e-15 
1.661281e-02 
1.356925e-02 
7.877403e-03 
2.221270e-02 
9.237056e-03 
1.870180e-02 
2.704525e-02 
8.685686e-16 
3.450628e-02 
3.069429e-02 
1.985839e-02 
6.462084e-02 
3.284859e-02 
9.070402e-02 
2.361389e-01 
5.000000e-01 
2.343963e-01 
8.937025e-02 
3.212670e-02 
6.273425e-02 
1.913632e-02 
2.935984e-02 
3.276238e-02 
1.912697e-15 
2.530044e-02 
1.736598e-02 
8.513869e-03 
2.032223e-02 
7.153657e-03 
1.223136e-02 
1.486396e-02 
9.678077e-15 
1.302512e-02 
9.382969e-03 
4.794382e-03 
1.186156e-02 
4.308478e-03 
7.573625e-03 
9.433509e-03 
1.350618e-15 
8.621215e-03 
6.323650e-03 
3.284742e-03 
8.249784e-03 
3.038251e-03 
5.409201e-03 
6.817363e-03 
1.576411e-14 
6.363101e-03 
4.711777e-03 
2.469263e-03 
6.253398e-03 
2.321054e-03 
4.162776e-03 
5.282902e-03 
5.624112e-15 
4.994024e-03 
3.719734e-03 
1.960244e-03 
4.990620e-03 
1.861693e-03 
3.354960e-03 
4.277228e-03 
1.133942e-14 
4.078024e-03 
3.049625e-03 
1.613270e-03 
4.122360e-03 
1.543227e-03 
2.790483e-03 
3.569177e-03 
9.007539e-15 
3.423939e-03 
2.567943e-03 
1.362272e-03 
3.490421e-03 
1.310077e-03 
2.374890e-03 
3.045039e-03 
1.086347e-14 
2.934749e-03 
2.205936e-03 
1.172747e-03 
3.011086e-03 
1.132453e-03 
2.056926e-03 
2.642383e-03 
3.091624e-15 
2.555992e-03 
1.924605e-03 
1.024926e-03 
2.635913e-03 
9.929534e-04 
1.806384e-03 
2.324087e-03 
2.101783e-15 
2.254743e-03 
1.700184e-03 
9.066693e-04 
2.334937e-03 
8.807378e-04 
1.604310e-03 
2.066704e-03 
2.781307e-15 
2.009932e-03 
1.517372e-03 
8.101131e-04 
2.088631e-03 
7.887014e-04 
1.438215e-03 
1.854698e-03 
3.197197e-15 
1.807456e-03 
1.365874e-03 
7.299411e-04 
1.883732e-03 
7.119959e-04 
1.299535e-03 
1.677373e-03 
1.036853e-15 
1.637518e-03 
1.238510e-03 
6.624312e-04 
1.710919e-03 
6.472005e-04 
1.182209e-03 
1.527125e-03 
1.771665e-16 
1.493109e-03 
1.130126e-03 
6.049012e-04 
1.563452e-03 
5.918339e-04 
1.081824e-03 
1.398406e-03 
3.849465e-15 
1.369079e-03 
1.036923e-03 
5.553696e-04 
1.436336e-03 
5.440529e-04 
9.950924e-04 
1.287069e-03 
8.206306e-15 
1.261563e-03 
9.560426e-04 
5.123417e-04 
1.325796e-03 
5.024603e-04 
9.195185e-04 
1.189959e-03 
9.239272e-16 
1.167605e-03 
8.852948e-04 
4.746692e-04 
1.228926e-03 
4.659783e-04 
8.531718e-04 
1.104631e-03 
5.054658e-16 
1.084905e-03 
8.229720e-04 
4.414556e-04 
1.143453e-03 
4.337624e-04 
7.945370e-04 
1.029163e-03 
9.958047e-15 
1.011650e-03 
7.677251e-04 
4.119912e-04 
1.067572e-03 
4.051417e-04 
7.424090e-04 
9.620222e-04 
5.567297e-15 
9.463881e-04 
7.184740e-04 
3.857071e-04 
9.998374e-04 
3.795769e-04 
6.958170e-04 
9.019743e-04 
1.028695e-15 
8.879483e-04 
6.743443e-04 
3.621419e-04 
9.390736e-04 
3.566297e-04 
6.539712e-04 
8.480123e-04 
2.308241e-15 
8.353724e-04 
6.346207e-04 
3.409181e-04 
8.843172e-04 
3.359401e-04 
6.162225e-04 
7.993084e-04 
2.331760e-15 
7.878707e-04 
5.987127e-04 
3.217233e-04 
8.347713e-04 
3.172101e-04 
5.820327e-04 
7.551751e-04 
5.944344e-15 
7.447864e-04 
5.661289e-04 
3.042974e-04 
7.897711e-04 
3.001910e-04 
5.509520e-04 
7.150375e-04 
1.582844e-15 
7.055689e-04 
5.364569e-04 
2.884222e-04 
7.487579e-04 
2.846733e-04 
5.226018e-04 
6.784112e-04 
2.740182e-15 
6.697537e-04 
5.093484e-04 
2.739128e-04 
7.112590e-04 
2.704799e-04 
4.966611e-04 
6.448853e-04 
6.059614e-15 
6.369460e-04 
4.845072e-04 
2.606121e-04 
6.768719e-04 
2.574597e-04 
4.728563e-04 
6.141091e-04 
3.624314e-15 
6.068085e-04 
4.616801e-04 
2.483858e-04 
6.452517e-04 
2.454832e-04 
4.509525e-04 
5.857816e-04 
9.518608e-16 
5.790511e-04 
4.406492e-04 
2.371180e-04 
6.161015e-04 
2.344388e-04 
4.307475e-04 
5.596432e-04 
2.006961e-16 
5.534235e-04 
4.212263e-04 
2.267087e-04 
5.891643e-04 
2.242300e-04 
4.120658e-04 
5.354685e-04 
1.537553e-15 
5.297081e-04 
4.032476e-04 
2.170708e-04 
5.642168e-04 
2.147728e-04 
3.947546e-04 
5.130615e-04 
4.505321e-15 
5.077154e-04 
3.865707e-04 
2.081284e-04 
5.410637e-04 
2.059935e-04 
3.786806e-04 
4.922507e-04 
3.102282e-15 
4.872793e-04 
3.710704e-04 
1.998150e-04 
5.195339e-04 
1.978279e-04 
3.637266e-04 
4.728854e-04 
6.715988e-16 
4.682540e-04 
3.566368e-04 
1.920719e-04 
4.994768e-04 
1.902191e-04 
3.497892e-04 
4.548327e-04 
2.002197e-15 
4.505105e-04 
3.431728e-04 
1.848475e-04 
4.807592e-04 
1.831169e-04 
3.367773e-04 
4.379752e-04 
3.476776e-15 
4.339351e-04 
3.305926e-04 
1.780959e-04 
4.632631e-04 
1.764770e-04 
3.246097e-04 
4.222086e-04 
4.495380e-15 
4.184263e-04 
3.188198e-04 
1.717764e-04 
4.468838e-04 
1.702597e-04 
3.132145e-04 
4.074401e-04 
5.787526e-15 
4.038940e-04 
3.077861e-04 
1.658527e-04 
4.315274e-04 
1.644297e-04 
3.025273e-04 
3.935867e-04 
1.104593e-14 
3.902575e-04 
2.974309e-04 
1.602922e-04 
4.171104e-04 
1.589554e-04 
2.924904e-04 
3.805742e-04 
2.391023e-15 
3.774445e-04 
2.876995e-04 
1.550659e-04 
4.035575e-04 
1.538084e-04 
2.830522e-04 
3.683360e-04 
3.212974e-15 
3.653903e-04 
2.785429e-04 
1.501476e-04 
3.908014e-04 
1.489633e-04 
2.741662e-04 
3.568121e-04 
2.050076e-15 
3.540362e-04 
2.699170e-04 
1.455136e-04 
3.787810e-04 
1.443970e-04 
2.657904e-04 
3.459483e-04 
6.046319e-15 
3.433296e-04 
2.617818e-04 
1.411426e-04 
3.674415e-04 
1.400887e-04 
2.578868e-04 
3.356956e-04 
3.138855e-15 
3.332226e-04 
2.541012e-04 
1.370154e-04 
3.567328e-04 
1.360196e-04 
2.504211e-04 
3.260097e-04 
4.725272e-15 
3.236720e-04 
2.468425e-04 
1.331144e-04 
3.466099e-04 
1.321726e-04 
2.433620e-04 
3.168503e-04 
3.593236e-15 
3.146384e-04 
2.399760e-04 
1.294237e-04 
3.370316e-04 
1.285322e-04 
2.366812e-04 
3.081807e-04 
2.325957e-15 
3.060859e-04 
2.334744e-04 
1.259288e-04 
3.279605e-04 
1.250841e-04 
2.303527e-04 
2.999675e-04 
2.246251e-15 
2.979819e-04 
2.273131e-04 
1.226165e-04 
3.193624e-04 
1.218155e-04 
2.243530e-04 
2.921802e-04 
1.410948e-15 
2.902965e-04 
2.214696e-04 
1.194747e-04 
3.112059e-04 
1.187145e-04 
2.186604e-04 
2.847907e-04 
1.124749e-15 
2.830025e-04 
2.159230e-04 
1.164922e-04 
3.034626e-04 
1.157703e-04 
2.132550e-04 
2.777735e-04 
3.512000e-15 
2.760746e-04 
2.106544e-04 
1.136590e-04 
2.961061e-04 
1.129729e-04 
2.081188e-04 
2.711051e-04 
2.162992e-15 
2.694900e-04 
2.056464e-04 
1.109657e-04 
2.891122e-04 
1.103132e-04 
2.032351e-04 
2.647639e-04 
7.824393e-16 
2.632274e-04 
2.008830e-04 
1.084037e-04 
2.824588e-04 
1.077828e-04 
1.985883e-04 
2.587300e-04 
2.354070e-15 
2.572674e-04 
1.963493e-04 
1.059652e-04 
2.761255e-04 
1.053739e-04 
1.941644e-04 
2.529850e-04 
1.686423e-15 
2.515919e-04 
1.920318e-04 
1.036427e-04 
2.700932e-04 
1.030794e-04 
1.899502e-04 
2.475121e-04 
2.134396e-15 
2.461845e-04 
1.879180e-04 
1.014296e-04 
2.643447e-04 
1.008927e-04 
1.859337e-04 
2.422955e-04 
2.890674e-15 
2.410297e-04 
1.839960e-04 
9.931963e-05 
2.588637e-04 
9.880757e-05 
1.821037e-04 
2.373208e-04 
4.827540e-15 
2.361134e-04 
1.802553e-04 
9.730704e-05 
2.536353e-04 
9.681847e-05 
1.784498e-04 
2.325746e-04 
4.501034e-15 
2.314223e-04 
1.766858e-04 
9.538646e-05 
2.486457e-04 
9.492010e-05 
1.749623e-04 
2.280444e-04 
1.449883e-15 
2.269443e-04 
1.732782e-04 
9.355292e-05 
2.438820e-04 
9.310758e-05 
1.716325e-04 
2.237187e-04 
2.169176e-15 
2.226680e-04 
1.700240e-04 
9.180180e-05 
2.393323e-04 
9.137640e-05 
1.684519e-04 
2.195867e-04 
1.085254e-15 
2.185828e-04 
1.669151e-04 
9.012883e-05 
2.349853e-04 
8.972232e-05 
1.654128e-04 
2.156385e-04 
2.886904e-15 
2.146790e-04 
1.639441e-04 
8.852999e-05 
2.308309e-04 
8.814143e-05 
1.625081e-04 
2.118646e-04 
2.369673e-15 
2.109474e-04 
1.611041e-04 
8.700157e-05 
2.268593e-04 
8.663006e-05 
1.597311e-04 
2.082565e-04 
2.067869e-15 
2.073794e-04 
1.583885e-04 
8.554010e-05 
2.230616e-04 
8.518481e-05 
1.570755e-04 
2.048061e-04 
1.491375e-15 
2.039672e-04 
1.557914e-04 
8.414234e-05 
2.194293e-04 
8.380249e-05 
1.545354e-04 
2.015057e-04 
1.557104e-15 
2.007032e-04 
1.533070e-04 
8.280524e-05 
2.159546e-04 
8.248012e-05 
1.521055e-04 
1.983483e-04 
2.513755e-15 
1.975805e-04 
1.509302e-04 
8.152600e-05 
2.126301e-04 
8.121492e-05 
1.497806e-04 
1.953274e-04 
4.405538e-16 
1.945927e-04 
1.486560e-04 
8.030196e-05 
2.094491e-04 
8.000428e-05 
1.475559e-04 
1.924366e-04 
2.965876e-15 
1.917336e-04 
1.464797e-04 
7.913064e-05 
2.064051e-04 
7.884577e-05 
1.454270e-04 
1.896703e-04 
1.210704e-14 
1.889975e-04 
1.443971e-04 
7.800972e-05 
2.034920e-04 
7.773710e-05 
1.433896e-04 
1.870230e-04 
1.141152e-15 
1.863792e-04 
1.424041e-04 
7.693702e-05 
2.007043e-04 
7.667614e-05 
1.414400e-04 
1.844896e-04 
1.282455e-15 
1.838735e-04 
1.404969e-04 
7.591050e-05 
1.980366e-04 
7.566086e-05 
1.395743e-04 
1.820654e-04 
5.582395e-15 
1.814759e-04 
1.386719e-04 
7.492826e-05 
1.954840e-04 
7.468940e-05 
1.377892e-04 
1.797459e-04 
5.365020e-15 
1.791818e-04 
1.369258e-04 
7.398848e-05 
1.930418e-04 
7.375998e-05 
1.360813e-04 
1.775268e-04 
1.098044e-14 
1.769872e-04 
1.352554e-04 
7.308950e-05 
1.907057e-04 
7.287093e-05 
1.344477e-04 
1.754042e-04 
1.714597e-15 
1.748882e-04 
1.336578e-04 
7.222971e-05 
1.884715e-04 
7.202071e-05 
1.328854e-04 
1.733744e-04 
4.362946e-15 
1.728811e-04 
1.321302e-04 
7.140763e-05 
1.863353e-04 
7.120783e-05 
1.313919e-04 
1.714340e-04 
4.959392e-15 
1.709625e-04 
1.306701e-04 
7.062186e-05 
1.842936e-04 
7.043093e-05 
1.299645e-04 
1.695796e-04 
3.894822e-15 
1.691291e-04 
1.292749e-04 
6.987108e-05 
1.823430e-04 
6.968871e-05 
1.286009e-04 
1.678082e-04 
2.136979e-15 
1.673780e-04 
1.279423e-04 
6.915407e-05 
1.804801e-04 
6.897995e-05 
1.272989e-04 
1.661168e-04 
6.215918e-15 
1.657062e-04 
1.266703e-04 
6.846964e-05 
1.787021e-04 
6.830350e-05 
1.260563e-04 
1.645028e-04 
4.074252e-15 
1.641111e-04 
1.254566e-04 
6.781672e-05 
1.770060e-04 
6.765829e-05 
1.248712e-04 
1.629636e-04 
3.042539e-15 
1.625902e-04 
1.242996e-04 
6.719427e-05 
1.753892e-04 
6.704330e-05 
1.237417e-04 
1.614968e-04 
1.141537e-15 
1.611411e-04 
1.231972e-04 
6.660132e-05 
1.738493e-04 
6.645759e-05 
1.226660e-04 
1.601001e-04 
2.626510e-15 
1.597616e-04 
1.221479e-04 
6.603697e-05 
1.723837e-04 
6.590025e-05 
1.216427e-04 
1.587714e-04 
4.703728e-15 
1.584496e-04 
1.211501e-04 
6.550037e-05 
1.709904e-04 
6.537046e-05 
1.206700e-04 
1.575086e-04 
9.429377e-16 
1.572031e-04 
1.202022e-04 
6.499071e-05 
1.696673e-04 
6.486741e-05 
1.197466e-04 
1.563101e-04 
4.705121e-15 
1.560202e-04 
1.193029e-04 
6.450724e-05 
1.684123e-04 
6.439038e-05 
1.188710e-04 
1.551738e-04 
5.977468e-15 
1.548993e-04 
1.184508e-04 
6.404926e-05 
1.672238e-04 
6.393867e-05 
1.180421e-04 
1.540983e-04 
7.577659e-15 
1.538388e-04 
1.176448e-04 
6.361610e-05 
1.660999e-04 
6.351162e-05 
1.172587e-04 
1.530820e-04 
4.111600e-15 
1.528370e-04 
1.168837e-04 
6.320716e-05 
1.650391e-04 
6.310864e-05 
1.165196e-04 
1.521234e-04 
9.487205e-15 
1.518926e-04 
1.161663e-04 
6.282185e-05 
1.640398e-04 
6.272915e-05 
1.158237e-04 
1.512212e-04 
2.574340e-15 
1.510044e-04 
1.154917e-04 
6.245963e-05 
1.631008e-04 
6.237263e-05 
1.151702e-04 
1.503742e-04 
2.489844e-14 
1.501709e-04 
1.148590e-04 
6.212001e-05 
1.622206e-04 
6.203858e-05 
1.145581e-04 
1.495811e-04 
1.173322e-15 
1.493911e-04 
1.142673e-04 
6.180251e-05 
1.613981e-04 
6.172655e-05 
1.139865e-04 
1.488409e-04 
2.148750e-14 
1.486640e-04 
1.137157e-04 
6.150671e-05 
1.606321e-04 
6.143610e-05 
1.134548e-04 
1.481526e-04 
3.445332e-15 
1.479885e-04 
1.132036e-04 
6.123220e-05 
1.599217e-04 
6.116686e-05 
1.129622e-04 
1.475153e-04 
7.784618e-15 
1.473638e-04 
1.127303e-04 
6.097862e-05 
1.592658e-04 
6.091845e-05 
1.125079e-04 
1.469280e-04 
4.509349e-15 
1.467889e-04 
1.122950e-04 
6.074563e-05 
1.586636e-04 
6.069056e-05 
1.120915e-04 
1.463901e-04 
6.481312e-15 
1.462632e-04 
1.118973e-04 
6.053291e-05 
1.581143e-04 
6.048287e-05 
1.117124e-04 
1.459008e-04 
1.824923e-15 
1.457859e-04 
1.115367e-04 
6.034020e-05 
1.576172e-04 
6.029511e-05 
1.113700e-04 
1.454594e-04 
2.354961e-15 
1.453565e-04 
1.112125e-04 
6.016723e-05 
1.571717e-04 
6.012705e-05 
1.110640e-04 
1.450655e-04 
2.169770e-15 
1.449743e-04 
1.109245e-04 
6.001379e-05 
1.567770e-04 
5.997845e-05 
1.107939e-04 
1.447184e-04 
2.293131e-15 
1.446389e-04 
1.106722e-04 
5.987967e-05 
1.564328e-04 
5.984913e-05 
1.105594e-04 
1.444178e-04 
3.314445e-15 
1.443498e-04 
1.104554e-04 
5.976469e-05 
1.561386e-04 
5.973892e-05 
1.103602e-04 
1.441632e-04 
1.710182e-15 
1.441067e-04 
1.102737e-04 
5.966872e-05 
1.558940e-04 
5.964768e-05 
1.101959e-04 
1.439543e-04 
9.169797e-15 
1.439092e-04 
1.101269e-04 
5.959163e-05 
1.556987e-04 
5.957529e-05 
1.100665e-04 
1.437909e-04 
7.137993e-15 
1.437571e-04 
1.100148e-04 
5.953332e-05 
1.555524e-04 
5.952166e-05 
1.099717e-04 
1.436727e-04 
8.271661e-15 
1.436502e-04 
1.099373e-04 
5.949371e-05 
1.554550e-04 
5.948672e-05 
1.099115e-04 
1.435996e-04 
3.299451e-15 
1.435884e-04 
1.098943e-04 
5.947275e-05 
1.554064e-04 
5.947042e-05 
1.098857e-04 
1.435715e-04 
4.856213e-15 
1.435715e-04 
1.098857e-04 
5.947042e-05 
1.554064e-04 
5.947275e-05 
1.098943e-04 
1.435884e-04 
3.299451e-15 
1.435996e-04 
1.099115e-04 
5.948672e-05 
1.554550e-04 
5.949371e-05 
1.099373e-04 
1.436502e-04 
8.271661e-15 
1.436727e-04 
1.099717e-04 
5.952166e-05 
1.555524e-04 
5.953332e-05 
1.100148e-04 
1.437571e-04 
7.137993e-15 
1.437909e-04 
1.100665e-04 
5.957529e-05 
1.556987e-04 
5.959163e-05 
1.101269e-04 
1.439092e-04 
9.169797e-15 
1.439543e-04 
1.101959e-04 
5.964768e-05 
1.558940e-04 
5.966872e-05 
1.102737e-04 
1.441067e-04 
1.710182e-15 
1.441632e-04 
1.103602e-04 
5.973892e-05 
1.561386e-04 
5.976469e-05 
1.104554e-04 
1.443498e-04 
3.314445e-15 
1.444178e-04 
1.105594e-04 
5.984913e-05 
1.564328e-04 
5.987967e-05 
1.106722e-04 
1.446389e-04 
2.293131e-15 
1.447184e-04 
1.107939e-04 
5.997845e-05 
1.567770e-04 
6.001379e-05 
1.109245e-04 
1.449743e-04 
2.169770e-15 
1.450655e-04 
1.110640e-04 
6.012705e-05 
1.571717e-04 
6.016723e-05 
1.112125e-04 
1.453565e-04 
2.354961e-15 
1.454594e-04 
1.113700e-04 
6.029511e-05 
1.576172e-04 
6.034020e-05 
1.115367e-04 
1.457859e-04 
1.824923e-15 
1.459008e-04 
1.117124e-04 
6.048287e-05 
1.581143e-04 
6.053291e-05 
1.118973e-04 
1.462632e-04 
6.481312e-15 
1.463901e-04 
1.120915e-04 
6.069056e-05 
1.586636e-04 
6.074563e-05 
1.122950e-04 
1.467889e-04 
4.509349e-15 
1.469280e-04 
1.125079e-04 
6.091845e-05 
1.592658e-04 
6.097862e-05 
1.127303e-04 
1.473638e-04 
7.784618e-15 
1.475153e-04 
1.129622e-04 
6.116686e-05 
1.599217e-04 
6.123220e-05 
1.132036e-04 
1.479885e-04 
3.445332e-15 
1.481526e-04 
1.134548e-04 
6.143610e-05 
1.606321e-04 
6.150671e-05 
1.137157e-04 
1.486640e-04 
2.148750e-14 
1.488409e-04 
1.139865e-04 
6.172655e-05 
1.613981e-04 
6.180251e-05 
1.142673e-04 
1.493911e-04 
1.173322e-15 
1.495811e-04 
1.145581e-04 
6.203858e-05 
1.622206e-04 
6.212001e-05 
1.148590e-04 
1.501709e-04 
2.489844e-14 
1.503742e-04 
1.151702e-04 
6.237263e-05 
1.631008e-04 
6.245963e-05 
1.154917e-04 
1.510044e-04 
2.574340e-15 
1.512212e-04 
1.158237e-04 
6.272915e-05 
1.640398e-04 
6.282185e-05 
1.161663e-04 
1.518926e-04 
9.487205e-15 
1.521234e-04 
1.165196e-04 
6.310864e-05 
1.650391e-04 
6.320716e-05 
1.168837e-04 
1.528370e-04 
4.111600e-15 
1.530820e-04 
1.172587e-04 
6.351162e-05 
1.660999e-04 
6.361610e-05 
1.176448e-04 
1.538388e-04 
7.577659e-15 
1.540983e-04 
1.180421e-04 
6.393867e-05 
1.672238e-04 
6.404926e-05 
1.184508e-04 
1.548993e-04 
5.977468e-15 
1.551738e-04 
1.188710e-04 
6.439038e-05 
1.684123e-04 
6.450724e-05 
1.193029e-04 
1.560202e-04 
4.705121e-15 
1.563101e-04 
1.197466e-04 
6.486741e-05 
1.696673e-04 
6.499071e-05 
1.202022e-04 
1.572031e-04 
9.429377e-16 
1.575086e-04 
1.206700e-04 
6.537046e-05 
1.709904e-04 
6.550037e-05 
1.211501e-04 
1.584496e-04 
4.703728e-15 
1.587714e-04 
1.216427e-04 
6.590025e-05 
1.723837e-04 
6.603697e-05 
1.221479e-04 
1.597616e-04 
2.626510e-15 
1.601001e-04 
1.226660e-04 
6.645759e-05 
1.738493e-04 
6.660132e-05 
1.231972e-04 
1.611411e-04 
1.141537e-15 
1.614968e-04 
1.237417e-04 
6.704330e-05 
1.753892e-04 
6.719427e-05 
1.242996e-04 
1.625902e-04 
3.042539e-15 
1.629636e-04 
1.248712e-04 
6.765829e-05 
1.770060e-04 
6.781672e-05 
1.254566e-04 
1.641111e-04 
4.074252e-15 
1.645028e-04 
1.260563e-04 
6.830350e-05 
1.787021e-04 
6.846964e-05 
1.266703e-04 
1.657062e-04 
6.215918e-15 
1.661168e-04 
1.272989e-04 
6.897995e-05 
1.804801e-04 
6.915407e-05 
1.279423e-04 
1.673780e-04 
2.136979e-15 
1.678082e-04 
1.286009e-04 
6.968871e-05 
1.823430e-04 
6.987108e-05 
1.292749e-04 
1.691291e-04 
3.894822e-15 
1.695796e-04 
1.299645e-04 
7.043093e-05 
1.842936e-04 
7.062186e-05 
1.306701e-04 
1.709625e-04 
4.959392e-15 
1.714340e-04 
1.313919e-04 
7.120783e-05 
1.863353e-04 
7.140763e-05 
1.321302e-04 
1.728811e-04 
4.362946e-15 
1.733744e-04 
1.328854e-04 
7.202071e-05 
1.884715e-04 
7.222971e-05 
1.336578e-04 
1.748882e-04 
1.714597e-15 
1.754042e-04 
1.344477e-04 
7.287093e-05 
1.907057e-04 
7.308950e-05 
1.352554e-04 
1.769872e-04 
1.098044e-14 
1.775268e-04 
1.360813e-04 
7.375998e-05 
1.930418e-04 
7.398848e-05 
1.369258e-04 
1.791818e-04 
5.365020e-15 
1.797459e-04 
1.377892e-04 
7.468940e-05 
1.954840e-04 
7.492826e-05 
1.386719e-04 
1.814759e-04 
5.582395e-15 
1.820654e-04 
1.395743e-04 
7.566086e-05 
1.980366e-04 
7.591050e-05 
1.404969e-04 
1.838735e-04 
1.282455e-15 
1.844896e-04 
1.414400e-04 
7.667614e-05 
2.007043e-04 
7.693702e-05 
1.424041e-04 
1.863792e-04 
1.141152e-15 
1.870230e-04 
1.433896e-04 
7.773710e-05 
2.034920e-04 
7.800972e-05 
1.443971e-04 
1.889975e-04 
1.210704e-14 
1.896703e-04 
1.454270e-04 
7.884577e-05 
2.064051e-04 
7.913064e-05 
1.464797e-04 
1.917336e-04 
2.965876e-15 
1.924366e-04 
1.475559e-04 
8.000428e-05 
2.094491e-04 
8.030196e-05 
1.486560e-04 
1.945927e-04 
4.405538e-16 
1.953274e-04 
1.497806e-04 
8.121492e-05 
2.126301e-04 
8.152600e-05 
1.509302e-04 
1.975805e-04 
2.513755e-15 
1.983483e-04 
1.521055e-04 
8.248012e-05 
2.159546e-04 
8.280524e-05 
1.533070e-04 
2.007032e-04 
1.557104e-15 
2.015057e-04 
1.545354e-04 
8.380249e-05 
2.194293e-04 
8.414234e-05 
1.557914e-04 
2.039672e-04 
1.491375e-15 
2.048061e-04 
1.570755e-04 
8.518481e-05 
2.230616e-04 
8.554010e-05 
1.583885e-04 
2.073794e-04 
2.067869e-15 
2.082565e-04 
1.597311e-04 
8.663006e-05 
2.268593e-04 
8.700157e-05 
1.611041e-04 
2.109474e-04 
2.369673e-15 
2.118646e-04 
1.625081e-04 
8.814143e-05 
2.308309e-04 
8.852999e-05 
1.639441e-04 
2.146790e-04 
2.886904e-15 
2.156385e-04 
1.654128e-04 
8.972232e-05 
2.349853e-04 
9.012883e-05 
1.669151e-04 
2.185828e-04 
1.085254e-15 
2.195867e-04 
1.684519e-04 
9.137640e-05 
2.393323e-04 
9.180180e-05 
1.700240e-04 
2.226680e-04 
2.169176e-15 
2.237187e-04 
1.716325e-04 
9.310758e-05 
2.438820e-04 
9.355292e-05 
1.732782e-04 
2.269443e-04 
1.449883e-15 
2.280444e-04 
1.749623e-04 
9.492010e-05 
2.486457e-04 
9.538646e-05 
1.766858e-04 
2.314223e-04 
4.501034e-15 
2.325746e-04 
1.784498e-04 
9.681847e-05 
2.536353e-04 
9.730704e-05 
1.802553e-04 
2.361134e-04 
4.827540e-15 
2.373208e-04 
1.821037e-04 
9.880757e-05 
2.588637e-04 
9.931963e-05 
1.839960e-04 
2.410297e-04 
2.890674e-15 
2.422955e-04 
1.859337e-04 
1.008927e-04 
2.643447e-04 
1.014296e-04 
1.879180e-04 
2.461845e-04 
2.134396e-15 
2.475121e-04 
1.899502e-04 
1.030794e-04 
2.700932e-04 
1.036427e-04 
1.920318e-04 
2.515919e-04 
1.686423e-15 
2.529850e-04 
1.941644e-04 
1.053739e-04 
2.761255e-04 
1.059652e-04 
1.963493e-04 
2.572674e-04 
2.354070e-15 
2.587300e-04 
1.985883e-04 
1.077828e-04 
2.824588e-04 
1.084037e-04 
2.008830e-04 
2.632274e-04 
7.824393e-16 
2.647639e-04 
2.032351e-04 
1.103132e-04 
2.891122e-04 
1.109657e-04 
2.056464e-04 
2.694900e-04 
2.162992e-15 
2.711051e-04 
2.081188e-04 
1.129729e-04 
2.961061e-04 
1.136590e-04 
2.106544e-04 
2.760746e-04 
3.512000e-15 
2.777735e-04 
2.132550e-04 
1.157703e-04 
3.034626e-04 
1.164922e-04 
2.159230e-04 
2.830025e-04 
1.124749e-15 
2.847907e-04 
2.186604e-04 
1.187145e-04 
3.112059e-04 
1.194747e-04 
2.214696e-04 
2.902965e-04 
1.410948e-15 
2.921802e-04 
2.243530e-04 
1.218155e-04 
3.193624e-04 
1.226165e-04 
2.273131e-04 
2.979819e-04 
2.246251e-15 
2.999675e-04 
2.303527e-04 
1.250841e-04 
3.279605e-04 
1.259288e-04 
2.334744e-04 
3.060859e-04 
2.325957e-15 
3.081807e-04 
2.366812e-04 
1.285322e-04 
3.370316e-04 
1.294237e-04 
2.399760e-04 
3.146384e-04 
3.593236e-15 
3.168503e-04 
2.433620e-04 
1.321726e-04 
3.466099e-04 
1.331144e-04 
2.468425e-04 
3.236720e-04 
4.725272e-15 
3.260097e-04 
2.504211e-04 
1.360196e-04 
3.567328e-04 
1.370154e-04 
2.541012e-04 
3.332226e-04 
3.138855e-15 
3.356956e-04 
2.578868e-04 
1.400887e-04 
3.674415e-04 
1.411426e-04 
2.617818e-04 
3.433296e-04 
6.046319e-15 
3.459483e-04 
2.657904e-04 
1.443970e-04 
3.787810e-04 
1.455136e-04 
2.699170e-04 
3.540362e-04 
2.050076e-15 
3.568121e-04 
2.741662e-04 
1.489633e-04 
3.908014e-04 
1.501476e-04 
2.785429e-04 
3.653903e-04 
3.212974e-15 
3.683360e-04 
2.830522e-04 
1.538084e-04 
4.035575e-04 
1.550659e-04 
2.876995e-04 
3.774445e-04 
2.391023e-15 
3.805742e-04 
2.924904e-04 
1.589554e-04 
4.171104e-04 
1.602922e-04 
2.974309e-04 
3.902575e-04 
1.104593e-14 
3.935867e-04 
3.025273e-04 
1.644297e-04 
4.315274e-04 
1.658527e-04 
3.077861e-04 
4.038940e-04 
5.787526e-15 
4.074401e-04 
3.132145e-04 
1.702597e-04 
4.468838e-04 
1.717764e-04 
3.188198e-04 
4.184263e-04 
4.495380e-15 
4.222086e-04 
3.246097e-04 
1.764770e-04 
4.632631e-04 
1.780959e-04 
3.305926e-04 
4.339351e-04 
3.476776e-15 
4.379752e-04 
3.367773e-04 
1.831169e-04 
4.807592e-04 
1.848475e-04 
3.431728e-04 
4.505105e-04 
2.002197e-15 
4.548327e-04 
3.497892e-04 
1.902191e-04 
4.994768e-04 
1.920719e-04 
3.566368e-04 
4.682540e-04 
6.715988e-16 
4.728854e-04 
3.637266e-04 
1.978279e-04 
5.195339e-04 
1.998150e-04 
3.710704e-04 
4.872793e-04 
3.102282e-15 
4.922507e-04 
3.786806e-04 
2.059935e-04 
5.410637e-04 
2.081284e-04 
3.865707e-04 
5.077154e-04 
4.505321e-15 
5.130615e-04 
3.947546e-04 
2.147728e-04 
5.642168e-04 
2.170708e-04 
4.032476e-04 
5.297081e-04 
1.537553e-15 
5.354685e-04 
4.120658e-04 
2.242300e-04 
5.891643e-04 
2.267087e-04 
4.212263e-04 
5.534235e-04 
2.006961e-16 
5.596432e-04 
4.307475e-04 
2.344388e-04 
6.161015e-04 
2.371180e-04 
4.406492e-04 
5.790511e-04 
9.518608e-16 
5.857816e-04 
4.509525e-04 
2.454832e-04 
6.452517e-04 
2.483858e-04 
4.616801e-04 
6.068085e-04 
3.624314e-15 
6.141091e-04 
4.728563e-04 
2.574597e-04 
6.768719e-04 
2.606121e-04 
4.845072e-04 
6.369460e-04 
6.059614e-15 
6.448853e-04 
4.966611e-04 
2.704799e-04 
7.112590e-04 
2.739128e-04 
5.093484e-04 
6.697537e-04 
2.740182e-15 
6.784112e-04 
5.226018e-04 
2.846733e-04 
7.487579e-04 
2.884222e-04 
5.364569e-04 
7.055689e-04 
1.582844e-15 
7.150375e-04 
5.509520e-04 
3.001910e-04 
7.897711e-04 
3.042974e-04 
5.661289e-04 
7.447864e-04 
5.944344e-15 
7.551751e-04 
5.820327e-04 
3.172101e-04 
8.347713e-04 
3.217233e-04 
5.987127e-04 
7.878707e-04 
2.331760e-15 
7.993084e-04 
6.162225e-04 
3.359401e-04 
8.843172e-04 
3.409181e-04 
6.346207e-04 
8.353724e-04 
2.308241e-15 
8.480123e-04 
6.539712e-04 
3.566297e-04 
9.390736e-04 
3.621419e-04 
6.743443e-04 
8.879483e-04 
1.028695e-15 
9.019743e-04 
6.958170e-04 
3.795769e-04 
9.998374e-04 
3.857071e-04 
7.184740e-04 
9.463881e-04 
5.567297e-15 
9.620222e-04 
7.424090e-04 
4.051417e-04 
1.067572e-03 
4.119912e-04 
7.677251e-04 
1.011650e-03 
9.958047e-15 
1.029163e-03 
7.945370e-04 
4.337624e-04 
1.143453e-03 
4.414556e-04 
8.229720e-04 
1.084905e-03 
5.054658e-16 
1.104631e-03 
8.531718e-04 
4.659783e-04 
1.228926e-03 
4.746692e-04 
8.852948e-04 
1.167605e-03 
9.239272e-16 
1.189959e-03 
9.195185e-04 
5.024603e-04 
1.325796e-03 
5.123417e-04 
9.560426e-04 
1.261563e-03 
8.206306e-15 
1.287069e-03 
9.950924e-04 
5.440529e-04 
1.436336e-03 
5.553696e-04 
1.036923e-03 
1.369079e-03 
3.849465e-15 
1.398406e-03 
1.081824e-03 
5.918339e-04 
1.563452e-03 
6.049012e-04 
1.130126e-03 
1.493109e-03 
1.771665e-16 
1.527125e-03 
1.182209e-03 
6.472005e-04 
1.710919e-03 
6.624312e-04 
1.238510e-03 
1.637518e-03 
1.036853e-15 
1.677373e-03 
1.299535e-03 
7.119959e-04 
1.883732e-03 
7.299411e-04 
1.365874e-03 
1.807456e-03 
3.197197e-15 
1.854698e-03 
1.438215e-03 
7.887014e-04 
2.088631e-03 
8.101131e-04 
1.517372e-03 
2.009932e-03 
2.781307e-15 
2.066704e-03 
1.604310e-03 
8.807378e-04 
2.334937e-03 
9.066693e-04 
1.700184e-03 
2.254743e-03 
2.101783e-15 
2.324087e-03 
1.806384e-03 
9.929534e-04 
2.635913e-03 
1.024926e-03 
1.924605e-03 
2.555992e-03 
3.091624e-15 
2.642383e-03 
2.056926e-03 
1.132453e-03 
3.011086e-03 
1.172747e-03 
2.205936e-03 
2.934749e-03 
1.086347e-14 
3.045039e-03 
2.374890e-03 
1.310077e-03 
3.490421e-03 
1.362272e-03 
2.567943e-03 
3.423939e-03 
9.007539e-15 
3.569177e-03 
2.790483e-03 
1.543227e-03 
4.122360e-03 
1.613270e-03 
3.049625e-03 
4.078024e-03 
1.133942e-14 
4.277228e-03 
3.354960e-03 
1.861693e-03 
4.990620e-03 
1.960244e-03 
3.719734e-03 
4.994024e-03 
5.624112e-15 
5.282902e-03 
4.162776e-03 
2.321054e-03 
6.253398e-03 
2.469263e-03 
4.711777e-03 
6.363101e-03 
1.576411e-14 
6.817363e-03 
5.409201e-03 
3.038251e-03 
8.249784e-03 
3.284742e-03 
6.323650e-03 
8.621215e-03 
1.350618e-15 
9.433509e-03 
7.573625e-03 
4.308478e-03 
1.186156e-02 
4.794382e-03 
9.382969e-03 
1.302512e-02 
9.678077e-15 
1.486396e-02 
1.223136e-02 
7.153657e-03 
2.032223e-02 
8.513869e-03 
1.736598e-02 
2.530044e-02 
1.912697e-15 
3.276238e-02 
2.935984e-02 
1.913632e-02 
6.273425e-02 
3.212670e-02 
8.937025e-02 
2.343963e-01 
5.000000e-01 
2.361389e-01 
9.070402e-02 
3.284859e-02 
6.462084e-02 
1.985839e-02 
3.069429e-02 
3.450628e-02 
8.685686e-16 
2.704525e-02 
1.870180e-02 
9.237056e-03 
2.221270e-02 
7.877403e-03 
1.356925e-02 
1.661281e-02 
9.039485e-15 
1.477579e-02 
1.072362e-02 
5.520373e-03 
1.375986e-02 
5.035408e-03 
8.917751e-03 
1.119097e-02 
3.052245e-15 
1.038142e-02 
7.671964e-03 
4.015072e-03 
1.015994e-02 
3.769912e-03 
6.762433e-03 
8.587204e-03 
9.661197e-15 
8.136641e-03 
6.070672e-03 
3.205522e-03 
8.179572e-03 
3.059051e-03 
5.528096e-03 
7.069035e-03 
1.735270e-15 
6.784864e-03 
5.092260e-03 
2.704092e-03 
6.937185e-03 
2.607709e-03 
4.735497e-03 
6.083772e-03 
5.312469e-15 
5.890344e-03 
4.439004e-03 
2.366465e-03 
6.093944e-03 
2.299047e-03 
4.189563e-03 
5.400512e-03 
3.441161e-15 
5.262194e-03 
3.977615e-03 
2.126692e-03 
5.491978e-03 
2.077615e-03 
3.796083e-03 
4.905876e-03 
7.145161e-15 
4.803743e-03 
3.639617e-03 
1.950424e-03 
5.047980e-03 
1.913782e-03 
3.504107e-03 
4.537839e-03 
2.150851e-15 
4.460960e-03 
3.386346e-03 
1.818078e-03 
4.714010e-03 
1.790347e-03 
3.283802e-03 
4.259784e-03 
2.996209e-15 
4.201447e-03 
3.194454e-03 
1.717746e-03 
4.460722e-03 
1.696710e-03 
3.116675e-03 
4.048878e-03 
9.446681e-16 
4.004785e-03 
3.049147e-03 
1.641846e-03 
4.269347e-03 
1.626065e-03 
2.990799e-03 
3.890343e-03 
4.968969e-15 
3.857666e-03 
2.940756e-03 
1.585410e-03 
4.127554e-03 
1.573929e-03 
2.898307e-03 
3.774413e-03 
9.591158e-15 
3.751275e-03 
2.862874e-03 
1.545145e-03 
4.027171e-03 
1.537333e-03 
2.833994e-03 
3.694637e-03 
2.362001e-15 
3.679818e-03 
2.811301e-03 
1.518899e-03 
3.962886e-03 
1.514359e-03 
2.794515e-03 
3.646900e-03 
2.901036e-15 
3.639663e-03 
2.783434e-03 
1.505358e-03 
3.931498e-03 
1.503868e-03 
2.777926e-03 
3.628862e-03 
