   I        Q 
 265       53 
-1115     -106 
-690     -106 
-212      478 
 637     1009 
 743     -319 
-425      319 
-372      796 
 212     -372 
 531      319 
1327     -159 
 159      106 
 425      425 
-212      584 
-531     -425 
  53     -903 
 159      956 
-425       53 
 637      212 
 743      690 
 212     -106 
 743      265 
-265     -106 
-690     -478 
-690        0 
 212      159 
-159     -159 
 212     -584 
 584     -849 
 265      212 
 319      -53 
-903      159 
-265     -531 
-106      956 
 796      478 
 106      372 
-849     -319 
 849     -584 
 265     -531 
   0     -531 
-265     -372 
 637     -425 
-425      531 
1168    -1380 
-106      -53 
-531     -106 
-690     -690 
-159        0 
   0      319 
-212      159 
-372      478 
 319      372 
-425     -637 
 159      478 
-159      372 
 319      690 
-796      584 
 478       53 
-531     -265 
-425      425 
 531     -265 
 903     -319 
-212      159 
 106      478 
-637      478 
-849      425 
 637      796 
 372      159 
   0     -531 
-265     -265 
-637     -319 
-265      106 
 796      743 
-106      159 
 319      478 
  53    -1009 
-690      159 
-903        0 
 531     -743 
 106      478 
1486      319 
 -53      956 
 319        0 
  53      425 
-319      265 
-425     1380 
-531      531 
 531    -1062 
-265     -265 
-531      265 
-106     -372 
-372      903 
 -53     -372 
-956      425 
-637      265 
  53      212 
-425     -265 
-319      690 
 956      159 
 690      690 
-106      212 
-637     -478 
-478      425 
1168      637 
 -53      956 
 159      159 
   0      637 
 584     -425 
-425     -319 
-372      372 
-956      -53 
-796     -372 
 159     -372 
 -53      690 
 425      849 
-265      849 
 212     -265 
 372      425 
1009     -159 
 -53      372 
-106      265 
  53      -53 
  53      372 
-106     -372 
 956        0 
 637      584 
-265      265 
 425        0 
 637     -425 
-478      478 
-584      903 
-159      319 
 106     -531 
  53      372 
 -53     -212 
 106      159 
-478     -265 
-478      -53 
 159     -212 
-106      106 
-212     -212 
-903     -849 
 106      106 
 212      372 
-743     -212 
-106      637 
   0      425 
 425      319 
-372      743 
-319     -319 
-425        0 
-956     -372 
  53      -53 
 159     -159 
-425      159 
-478     -478 
-637      159 
-106     -372 
 531      531 
-1486      -53 
-1168      425 
 531      372 
-372      -53 
 -53      159 
 637     -425 
 796      212 
   0      584 
 319      106 
 106      265 
 265     -796 
-212      425 
-796      372 
 319     -372 
 319      425 
-212      478 
-319     -159 
-743     -106 
-265      319 
-319     -849 
-212      956 
 849     -106 
 159      425 
-212     -531 
 159      319 
 159      796 
 584      212 
 478      319 
 531     -425 
 106    -1062 
 212     -159 
 531      637 
  53     -690 
-796      372 
 106     -372 
-478     -584 
 -53     -425 
-265     -106 
-372        0 
 584     -265 
-212     -159 
   0      584 
  53     -903 
-743     -265 
 637      849 
 -53      425 
 425     -265 
 159     -159 
 584      -53 
-372     -637 
-903      637 
-265      584 
-319     -637 
-637      212 
 584     -372 
 478     -159 
 425      319 
-956     -372 
-903     -106 
 796     -478 
  53      478 
 265     -265 
-159    -1168 
-903       53 
 -53      743 
-159     -796 
1380     -690 
-584     -425 
-212     -372 
-531     1062 
1062     -478 
 372      584 
-637     -319 
 159      319 
-690     -159 
-159     -956 
1593      319 
 159      265 
-584      531 
 106     -584 
-372     -690 
-531     -265 
-478      478 
  53        0 
 425      690 
 -53      849 
-690      106 
-425     -212 
 903      690 
-319      478 
-212     -319 
 637      372 
-690       53 
 372      319 
-212      743 
-372      425 
 531      478 
  53     -319 
 159     -584 
 159      159 
 106      -53 
-425      478 
-584      159 
 265      956 
-265     -159 
 903      -53 
-159     -159 
 212      531 
 956     -796 
   0      690 
 212      212 
-106      265 
 796       53 
 159       53 
 584     -212 
-212     -265 
-849     1115 
   0     -849 
 637      265 
 372     -478 
-106       53 
   0      743 
-478      584 
 372     1009 
-425        0 
 159       53 
-584      478 
  53      265 
 849       53 
  53     1009 
 212      212 
-159      106 
-637     -372 
 690       53 
 796       53 
 159      106 
 212      478 
 159      265 
-743     -106 
  53      478 
 372     -425 
-637     -903 
 584      159 
-478        0 
 -53    -1062 
-478      319 
-159      425 
 478     -584 
-478      743 
 212     -425 
-106     -956 
 106      -53 
-212      637 
 637      637 
 796      956 
  53     -425 
-1009     -106 
  53      425 
 743     1062 
 106      -53 
-212        0 
 -53      159 
-1593      212 
-106     -956 
-265      159 
-212      159 
 -53     -478 
-743      -53 
-849      159 
 319      -53 
-372     -372 
-265     -531 
 372     -425 
-159     -106 
 372     -106 
 106      319 
-159     -372 
 -53       53 
-531     -212 
 319      212 
 531      425 
 372      159 
 212      584 
-372     -796 
-849     -212 
-265      265 
 637      212 
 319      -53 
-212     -637 
-531     -159 
-531      531 
-478    -1009 
-159     -637 
-212     -531 
-425      478 
-584      690 
 -53     -531 
 106      372 
-106     -319 
-956      425 
-849     -372 
 212       53 
-212      319 
-584      -53 
1274      106 
 584      531 
 319    -1009 
   0      849 
 -53      531 
1115     -796 
-478      372 
 425     -212 
 265      425 
 319      159 
 -53        0 
 956     -956 
 584      106 
-796      637 
 159    -1009 
 319     -425 
-106      849 
 106      956 
 690     -319 
 106     -637 
 903     -531 
-478      212 
-265      372 
-159      106 
 265     -531 
 212      743 
 478     -478 
 319     1168 
 159     -106 
 372      690 
 690     -106 
 425     1168 
-849     -212 
-478      265 
-1009     -903 
1009      319 
-159     -425 
 -53     -478 
-903     -265 
-425      637 
 478     1433 
-584      265 
 903     -106 
-796      796 
-637      372 
 212      319 
-796     -478 
-1274       53 
 265     1062 
-637     -690 
-265      531 
-265     -106 
 637     -425 
 106      903 
  53     -106 
 106      -53 
-1062     -106 
-319     -159 
  53      531 
-212        0 
-372     -265 
  53      372 
-1327      -53 
-1115     -372 
-106      690 
-956      531 
-319     -531 
-265      265 
-159      796 
 159      478 
  53     -106 
 425       53 
-106      425 
 584     -319 
 425      743 
 106      212 
1009       53 
 -53      265 
 265     -478 
  53      159 
 690      690 
-690      265 
-478      159 
-159      584 
 -53      372 
-106     -637 
-265      796 
-425        0 
-796     -531 
-849      106 
 425      265 
-1115      159 
 159     -265 
  53     1009 
 265      372 
-584       53 
 106     -319 
   0      265 
 425     -425 
-319       53 
 956     -690 
 584     1168 
 106       53 
   0      265 
-478     -690 
 319     -372 
 265      425 
 425      106 
   0     -159 
 478    -1062 
-319     -425 
-796      -53 
-531     -212 
 796      212 
 319     -372 
-637     -106 
-106      531 
 159      159 
-159     -690 
 849     -531 
   0      425 
-159      265 
-319     -478 
-212      319 
 -53     -478 
-1062      319 
 478      265 
-106     -478 
 849     -265 
 584     -319 
-584      478 
 319     -743 
-584     -531 
-531      531 
-212      743 
-743      425 
-584     -319 
  53     -584 
-690      478 
-849      531 
 743     -265 
 531     -319 
 584      425 
 265     -106 
 -53     -106 
 690     -637 
 849     -849 
-265      690 
1062     -106 
-849     -372 
-849     1009 
-319     -212 
-265        0 
 265      478 
 372      106 
-372      319 
 478      265 
 372     -425 
-743      372 
 319    -1062 
 584      425 
-531      478 
-265     -106 
 531      425 
1168     -265 
-159      903 
-159      478 
 265     1327 
-159      265 
-425      531 
-637      743 
-849     -637 
 956     -372 
 212      690 
 159      319 
 159     -372 
-425     -425 
 265     1221 
 637      690 
-849     -159 
 212     -372 
 106        0 
 159      106 
   0     -106 
 212     -425 
-584     -743 
 265     -319 
 106     -372 
-212      478 
 265     -265 
-265     -106 
-265       53 
 212    -1009 
-212      425 
-796      106 
-849      425 
-425      743 
 956     -796 
1221     1062 
 -53      372 
-796       53 
   0      -53 
 372     -159 
1327      478 
 903       53 
-212     -159 
-637      478 
-265     -212 
-584      106 
 690     -478 
-212     -265 
-106     1062 
-478     -531 
 319     -159 
-478     -743 
 372      319 
-531      743 
 159        0 
-265     -159 
 372     1115 
-372     -425 
-372      319 
-531     -903 
 -53      -53 
-265     -106 
-265      319 
 478      743 
 690      -53 
-159     -478 
1009     -425 
 425      159 
 903      106 
-531      903 
-265      319 
 478      425 
 372     -637 
 690      319 
 159     -478 
 212      106 
-159      265 
-265      212 
 319     -637 
 106     1062 
   0     -212 
 265     -212 
-372      -53 
-531     -159 
 372      584 
 159     1009 
-903     -372 
-372        0 
-1062     -319 
 372     -159 
 265     -478 
 106     -265 
 265     -531 
-372     -265 
-265      956 
   0     -212 
 584      584 
 265     -319 
 -53     -690 
 584      265 
   0     -584 
-319      372 
 478        0 
 159     -478 
-584     -106 
-584      690 
-372     1009 
 478    -1274 
 319     -372 
  53      265 
-106     -159 
 106      372 
 690      319 
 372      -53 
-265      319 
-106     -106 
 265      637 
-212      903 
 584      -53 
 159      531 
 743    -1009 
-106     -637 
-212      372 
1062     -637 
-849      637 
-372      265 
 425     -106 
 690     -531 
-637      106 
 425     -849 
 425      690 
 690     -956 
 425      637 
 212     1115 
-425     -212 
 690     -372 
 372      -53 
-478      637 
 319     -584 
-372      531 
-690      212 
-212      478 
   0      690 
 637     -903 
-106     -903 
  53      478 
 159     -849 
-637      690 
-159    -1380 
-159      106 
-372     -849 
-637      159 
-584     -212 
-159      478 
-319      159 
 743      796 
-372      265 
   0     -265 
-212      -53 
 849      690 
 743      159 
-319      372 
 372      212 
-319     -478 
 478     -637 
1115     -637 
-159     -531 
-425     -106 
-637     -265 
 584     -584 
 319     1062 
 425      106 
-106      531 
-478      372 
-319      531 
-319      425 
-478      265 
   0       53 
-159      212 
 584      425 
-265     -159 
 425     1274 
-531     -106 
1009     -690 
 106      478 
   0      159 
-212      212 
-265     -425 
-265      106 
-159      106 
 690      956 
 265     -372 
   0     -319 
-531     -478 
-903      690 
 956      265 
 -53      319 
 -53     -372 
-584     1009 
 319     -478 
-478      743 
 478     1115 
-1221     1115 
 212      956 
 106     -212 
 265     -159 
-159     -903 
-1274      796 
-478     -212 
1433      265 
 531      212 
-425      425 
 265      637 
 265      159 
-1274     -478 
-159     -478 
-1062      106 
 584       53 
 478      106 
 796     -903 
1062     -212 
  53      212 
-265       53 
 159        0 
 106     -106 
-106     -372 
-106     -637 
-531      796 
   0      584 
-690      -53 
 159      -53 
 319      265 
 372        0 
 478      796 
 265     -478 
 478     -159 
   0      -53 
-212     -372 
 743     1221 
-956     -106 
-584     -690 
-425    -1009 
 319      319 
-690      106 
   0      319 
 265     -159 
-159       53 
 372     -743 
 319     -265 
1274     -159 
-743       53 
-265       53 
 531      637 
 -53     -159 
-159     -372 
-372      478 
 584      159 
 425      106 
 478     -478 
 106     -637 
-956     -265 
1115      -53 
-425       53 
 319      212 
 849      106 
  53     -106 
 -53     -212 
 372     -584 
-159     1009 
-372    -1115 
-1168    -1062 
-106     -584 
 106      106 
 796      159 
 372      690 
 531     -106 
-106      796 
 743      425 
 478      637 
-159     -690 
  53      743 
-743      106 
-478      -53 
 212     -106 
-425      212 
-106     -319 
 637     1115 
-372      903 
 -53      796 
-584     -372 
 372      319 
 265     1115 
-796     -690 
-425      -53 
-265     -265 
-1380     -372 
-637      212 
-425      106 
 265     -425 
-106      106 
-584     -159 
-159      849 
 372     1115 
 -53      319 
-690     -690 
1593      319 
 106     -159 
 796      743 
1433     -531 
 637      849 
 -53      743 
-1062      106 
-796     -584 
-265     -106 
  53     -743 
 956      531 
1274      212 
 425     -106 
-637      372 
-106      319 
1168      796 
   0      743 
 -53      -53 
-531     -796 
 159    -1062 
-265      425 
 212        0 
 584      212 
 903     -212 
   0     -265 
1274      212 
 956     -956 
-425      319 
 849     -531 
 265      584 
-478      106 
 690      584 
 478      637 
 319      265 
  53      106 
-584     -159 
1274      478 
 690     -265 
 903      425 
 265       53 
-212     -903 
 637     -159 
-743        0 
 265     -319 
-372     -212 
   0     -849 
 372     -106 
 478     -956 
-159      106 
-159      956 
-1327      159 
-796     -372 
1062     1062 
 212     -212 
 265     -425 
-690     -265 
-212       53 
-1062      265 
-849        0 
-796        0 
-1009      319 
-743     -796 
-637     -159 
-425     -265 
 637      372 
1062     -319 
-425     -425 
 159        0 
-106     -106 
-637     -743 
-531      478 
-1009     -265 
 478     1062 
   0      265 
 584     -106 
-372       53 
-212      212 
 265     -584 
   0      478 
 743     -319 
-478     -584 
 796     -478 
-159      584 
 -53    -1593 
-212     -690 
-265      372 
 903      903 
-425      212 
 690     -106 
 -53     -265 
 -53     -637 
  53      -53 
 -53      106 
-690     -372 
-531     -743 
 212       53 
-159    -1380 
 106      212 
 372     -106 
  53      212 
-212     -265 
 -53      159 
 690      319 
 372     -425 
 425     -531 
 478     -372 
 478     -425 
-425      903 
1327     -584 
-106      690 
   0     -584 
-796      425 
 584      212 
 319     1274 
 106      159 
 319    -1062 
 478     1221 
 212      796 
-1327     -956 
 -53      106 
-106      106 
 212     -372 
-159     -637 
  53       53 
  53     -319 
-106      319 
 372     -212 
  53      584 
 478     -531 
-319      106 
 849      637 
-425      478 
-159     1327 
-796      478 
-319        0 
 637      319 
 265     -265 
-478       53 
 265      425 
-372      637 
-1115      -53 
-265     -265 
1062      425 
 106      956 
-1062      212 
 372      159 
1009     -319 
   0      531 
 -53      690 
 319     1009 
-425      584 
 159      212 
1327      212 
-478     -690 
  53        0 
 212        0 
 212     -425 
 478      -53 
-106      106 
-372      531 
 -53      372 
-1009      956 
-106     -637 
1168     -319 
-319     -106 
 212     -531 
 265     -531 
 212       53 
  53        0 
-319      690 
 212      690 
 159      212 
 106      796 
 319      584 
-106      -53 
-637      265 
-425      425 
 372     -106 
 531      690 
-319     -106 
-690     -743 
-531      743 
 531      796 
 478     -425 
 425     -478 
 531     -265 
   0     -637 
 106     1009 
 372     -425 
 478     -743 
1380     -106 
-531     -159 
  53     -106 
 212     -637 
-637      690 
-796        0 
 106      372 
-372      265 
   0     -849 
-531      106 
 -53     -372 
  53     1009 
-1168      849 
 425     -265 
-1062     -584 
 159     -159 
   0     -106 
 106      372 
 796      425 
-849     -106 
-372      584 
-425        0 
 849      690 
 690     -265 
 372      425 
-849     -372 
-265     -106 
 265      -53 
 212    -1168 
-372     -319 
 796      796 
-319     -425 
 212     -372 
1062     -478 
 903       53 
-106        0 
 425     -849 
 903       53 
-531     -478 
 531     -212 
1009     -425 
 531     -159 
 637      425 
   0    -1168 
-690      903 
-372      159 
 849     -212 
  53      690 
 425     -690 
-531      106 
-956     -106 
-1115     -796 
 159       53 
-1115      796 
 743     -956 
 584      106 
 159     -212 
 531     -106 
 -53      319 
-956      478 
 -53      159 
-372     -106 
 637      265 
 159      319 
 212     -212 
-212     -265 
-478     -319 
 159    -1009 
-212     -159 
 743     -372 
-212      319 
-425     -212 
-106     -212 
 584     -159 
-319     -212 
 -53     -478 
-796     -903 
  53     -265 
-212      319 
-212       53 
  53     -478 
   0     -584 
   0     -319 
1593     -265 
 531     -159 
 903      159 
 849     -372 
-159     -106 
-265     -372 
-849     1009 
-531        0 
-159     -319 
 -53     -849 
 159     -212 
 106     -637 
-637     -212 
-159     -106 
 903     -849 
-159      265 
-478      319 
-159      425 
 159      372 
-212     -159 
-212     -159 
-159      743 
 637     -584 
 425      159 
-372      425 
-372     -106 
-903      796 
 584     -637 
 -53      637 
-106     -584 
 106     -425 
-690     -478 
-478        0 
 106     -212 
-159     -372 
-1062      159 
-425      212 
 159      372 
 584     -106 
  53      531 
  53     -212 
-265     -212 
 106      425 
 265     -531 
-478      531 
 531     -425 
-849      -53 
   0     -372 
-106     -106 
 849     -478 
-159      531 
1699       53 
-159     -212 
-372     -319 
1221     1433 
   0      425 
-159     -159 
  53     -212 
-531      849 
-743     -159 
-319      159 
  53     -478 
 584      531 
 637     -106 
 265     -903 
 637     -319 
1380     -637 
 319     -212 
 531      531 
-159      -53 
 637      -53 
-584        0 
-159     -265 
-478      265 
-319      159 
1062      212 
-106      743 
-212     1009 
 531     -425 
-159      637 
 159      -53 
 265      425 
-478      690 
-212     -106 
1009      319 
  53     -478 
 478     -425 
 690     -531 
 319     -265 
  53      265 
 690      319 
-690     -265 
 637     1009 
-1115     -531 
-690     -212 
-212      212 
 -53     -584 
-849     -478 
 425      106 
 -53     -265 
-584     -690 
-637     -159 
-531     -319 
-425     -849 
 -53      106 
 -53     -478 
-319     -903 
 -53     -956 
-319     -319 
 106      -53 
 796        0 
 478      531 
-212     -743 
  53      903 
-106     -319 
-212      -53 
-159      531 
 584     -265 
-265     -265 
 106      106 
 319      265 
-531     -372 
-796      903 
 425      106 
 212     -212 
-265      425 
 584      372 
 159     -319 
-212     -212 
-212     -637 
-265     -425 
-584       53 
1433     -584 
-1221       53 
 159    -1009 
   0      212 
-690      106 
 -53     -690 
 212     -212 
 531     -531 
  53      531 
 319    -1009 
 903      265 
 -53      425 
-319      319 
-743     -106 
 425      743 
-265     -372 
 743      265 
  53      -53 
 -53        0 
-319        0 
-265     -372 
-690     -796 
 319      372 
-212     -425 
 319     -212 
-903      956 
 159      265 
-478     -372 
-849     1274 
-106      372 
 319      425 
 531      265 
 637      425 
-212     -319 
-531    -1858 
1593      903 
-265      212 
-372     -106 
 265      -53 
-584      743 
-372     1009 
-796     -690 
-106        0 
-584     -159 
