0 
-3.826834e-01 
-7.071068e-01 
-9.238795e-01 
-1 
-9.238795e-01 
-7.071068e-01 
-3.826834e-01 
-1.715743e-15 
3.826834e-01 
7.071068e-01 
9.238795e-01 
1 
9.238795e-01 
7.071068e-01 
3.826834e-01 
3.431487e-15 
-3.826834e-01 
-7.071068e-01 
-9.238795e-01 
-1 
-9.238795e-01 
-7.071068e-01 
-3.826834e-01 
1.958197e-15 
3.826834e-01 
7.071068e-01 
9.238795e-01 
1 
9.238795e-01 
7.071068e-01 
3.826834e-01 
6.862974e-15 
-3.826834e-01 
-7.071068e-01 
-9.238795e-01 
-1 
-9.238795e-01 
-7.071068e-01 
-3.826834e-01 
1.273756e-14 
3.826834e-01 
7.071068e-01 
9.238795e-01 
1 
9.238795e-01 
7.071068e-01 
3.826834e-01 
-3.916394e-15 
-3.826834e-01 
-7.071068e-01 
-9.238795e-01 
-1 
-9.238795e-01 
-7.071068e-01 
-3.826834e-01 
-4.904777e-15 
3.826834e-01 
7.071068e-01 
9.238795e-01 
1 
9.238795e-01 
7.071068e-01 
3.826834e-01 
1.372595e-14 
-3.826834e-01 
-7.071068e-01 
-9.238795e-01 
-1 
-9.238795e-01 
-7.071068e-01 
-3.826834e-01 
-2.254712e-14 
3.826834e-01 
7.071068e-01 
9.238795e-01 
1 
9.238795e-01 
7.071068e-01 
3.826834e-01 
-2.547513e-14 
-3.826834e-01 
-7.071068e-01 
-9.238795e-01 
-1 
-9.238795e-01 
-7.071068e-01 
-3.826834e-01 
7.349738e-14 
3.826834e-01 
7.071068e-01 
9.238795e-01 
1 
9.238795e-01 
7.071068e-01 
3.826834e-01 
-7.832788e-15 
-3.826834e-01 
-7.071068e-01 
-9.238795e-01 
-1 
-9.238795e-01 
-7.071068e-01 
-3.826834e-01 
-5.783180e-14 
3.826834e-01 
7.071068e-01 
9.238795e-01 
1 
9.238795e-01 
7.071068e-01 
3.826834e-01 
9.809554e-15 
-3.826834e-01 
-7.071068e-01 
-9.238795e-01 
-1 
-9.238795e-01 
-7.071068e-01 
-3.826834e-01 
3.821269e-14 
3.826834e-01 
7.071068e-01 
9.238795e-01 
1 
9.238795e-01 
7.071068e-01 
3.826834e-01 
2.745190e-14 
-3.826834e-01 
-7.071068e-01 
-9.238795e-01 
-1 
-9.238795e-01 
-7.071068e-01 
-3.826834e-01 
-9.311649e-14 
3.826834e-01 
7.071068e-01 
9.238795e-01 
1 
9.238795e-01 
7.071068e-01 
3.826834e-01 
4.509424e-14 
-3.826834e-01 
-7.071068e-01 
-9.238795e-01 
-1 
-9.238795e-01 
-7.071068e-01 
-3.826834e-01 
2.928011e-15 
3.826834e-01 
7.071068e-01 
9.238795e-01 
1 
9.238795e-01 
7.071068e-01 
3.826834e-01 
-5.095026e-14 
-3.826834e-01 
-7.071068e-01 
-9.238795e-01 
-1 
-9.238795e-01 
-7.071068e-01 
-3.826834e-01 
-1.471433e-14 
3.826834e-01 
7.071068e-01 
9.238795e-01 
1 
9.238795e-01 
7.071068e-01 
3.826834e-01 
-1.469948e-13 
-3.826834e-01 
-7.071068e-01 
-9.238795e-01 
-1 
-9.238795e-01 
-7.071068e-01 
-3.826834e-01 
-3.235667e-14 
3.826834e-01 
7.071068e-01 
9.238795e-01 
1 
9.238795e-01 
7.071068e-01 
3.826834e-01 
-1.566558e-14 
-3.826834e-01 
-7.071068e-01 
-9.238795e-01 
-1 
-9.238795e-01 
-7.071068e-01 
-3.826834e-01 
6.368782e-14 
3.826834e-01 
7.071068e-01 
9.238795e-01 
1 
9.238795e-01 
7.071068e-01 
3.826834e-01 
1.156636e-13 
-3.826834e-01 
-7.071068e-01 
-9.238795e-01 
-1 
-9.238795e-01 
-7.071068e-01 
-3.826834e-01 
-6.764136e-14 
3.826834e-01 
7.071068e-01 
9.238795e-01 
1 
9.238795e-01 
7.071068e-01 
3.826834e-01 
1.961911e-14 
-3.826834e-01 
-7.071068e-01 
-9.238795e-01 
-1 
-9.238795e-01 
-7.071068e-01 
-3.826834e-01 
2.840314e-14 
3.826834e-01 
7.071068e-01 
9.238795e-01 
1 
9.238795e-01 
7.071068e-01 
3.826834e-01 
-7.642539e-14 
-3.826834e-01 
-7.071068e-01 
-9.238795e-01 
-1 
-9.238795e-01 
-7.071068e-01 
-3.826834e-01 
1.244476e-13 
3.826834e-01 
7.071068e-01 
9.238795e-01 
1 
9.238795e-01 
7.071068e-01 
3.826834e-01 
5.490379e-14 
-3.826834e-01 
-7.071068e-01 
-9.238795e-01 
-1 
-9.238795e-01 
-7.071068e-01 
-3.826834e-01 
-6.881543e-15 
3.826834e-01 
7.071068e-01 
9.238795e-01 
1 
9.238795e-01 
7.071068e-01 
3.826834e-01 
1.862330e-13 
-3.826834e-01 
-7.071068e-01 
-9.238795e-01 
-1 
-9.238795e-01 
-7.071068e-01 
-3.826834e-01 
-1.382107e-13 
3.826834e-01 
7.071068e-01 
9.238795e-01 
1 
9.238795e-01 
7.071068e-01 
3.826834e-01 
9.018847e-14 
-3.826834e-01 
-7.071068e-01 
-9.238795e-01 
-1 
-9.238795e-01 
-7.071068e-01 
-3.826834e-01 
1.852074e-13 
3.826834e-01 
7.071068e-01 
9.238795e-01 
1 
9.238795e-01 
7.071068e-01 
3.826834e-01 
-5.856021e-15 
-3.826834e-01 
-7.071068e-01 
-9.238795e-01 
-1 
-9.238795e-01 
-7.071068e-01 
-3.826834e-01 
5.387827e-14 
3.826834e-01 
7.071068e-01 
9.238795e-01 
1 
9.238795e-01 
7.071068e-01 
3.826834e-01 
-1.019005e-13 
-3.826834e-01 
-7.071068e-01 
-9.238795e-01 
-1 
-9.238795e-01 
-7.071068e-01 
-3.826834e-01 
-7.745091e-14 
3.826834e-01 
7.071068e-01 
9.238795e-01 
1 
9.238795e-01 
7.071068e-01 
3.826834e-01 
2.942866e-14 
-3.826834e-01 
-7.071068e-01 
-9.238795e-01 
-1 
-9.238795e-01 
-7.071068e-01 
-3.826834e-01 
-2.087801e-13 
3.826834e-01 
7.071068e-01 
9.238795e-01 
1 
9.238795e-01 
7.071068e-01 
3.826834e-01 
-2.939895e-13 
-3.826834e-01 
-7.071068e-01 
-9.238795e-01 
-1 
-9.238795e-01 
-7.071068e-01 
-3.826834e-01 
-1.127356e-13 
3.826834e-01 
7.071068e-01 
9.238795e-01 
1 
9.238795e-01 
7.071068e-01 
3.826834e-01 
6.471335e-14 
-3.826834e-01 
-7.071068e-01 
-9.238795e-01 
-1 
-9.238795e-01 
-7.071068e-01 
-3.826834e-01 
-1.669110e-14 
3.826834e-01 
7.071068e-01 
9.238795e-01 
1 
9.238795e-01 
7.071068e-01 
3.826834e-01 
-3.133115e-14 
-3.826834e-01 
-7.071068e-01 
-9.238795e-01 
-1 
-9.238795e-01 
-7.071068e-01 
-3.826834e-01 
7.935340e-14 
3.826834e-01 
7.071068e-01 
9.238795e-01 
1 
9.238795e-01 
7.071068e-01 
3.826834e-01 
-1.273756e-13 
-3.826834e-01 
-7.071068e-01 
-9.238795e-01 
-1 
-9.238795e-01 
-7.071068e-01 
-3.826834e-01 
-2.793495e-13 
3.826834e-01 
7.071068e-01 
9.238795e-01 
1 
9.238795e-01 
7.071068e-01 
3.826834e-01 
2.313272e-13 
-3.826834e-01 
-7.071068e-01 
-9.238795e-01 
-1 
-9.238795e-01 
-7.071068e-01 
-3.826834e-01 
2.714424e-13 
3.826834e-01 
7.071068e-01 
9.238795e-01 
1 
9.238795e-01 
7.071068e-01 
3.826834e-01 
1.352827e-13 
-3.826834e-01 
-7.071068e-01 
-9.238795e-01 
-1 
-9.238795e-01 
-7.071068e-01 
-3.826834e-01 
-8.726046e-14 
3.826834e-01 
7.071068e-01 
9.238795e-01 
1 
9.238795e-01 
7.071068e-01 
3.826834e-01 
3.923822e-14 
-3.826834e-01 
-7.071068e-01 
-9.238795e-01 
-1 
-9.238795e-01 
-7.071068e-01 
-3.826834e-01 
8.784032e-15 
3.826834e-01 
7.071068e-01 
9.238795e-01 
1 
9.238795e-01 
7.071068e-01 
3.826834e-01 
-5.680628e-14 
-3.826834e-01 
-7.071068e-01 
-9.238795e-01 
-1 
-9.238795e-01 
-7.071068e-01 
-3.826834e-01 
-3.499188e-13 
3.826834e-01 
7.071068e-01 
9.238795e-01 
1 
9.238795e-01 
7.071068e-01 
3.826834e-01 
-1.528508e-13 
-3.826834e-01 
-7.071068e-01 
-9.238795e-01 
-1 
-9.238795e-01 
-7.071068e-01 
-3.826834e-01 
2.008730e-13 
3.826834e-01 
7.071068e-01 
9.238795e-01 
1 
9.238795e-01 
7.071068e-01 
3.826834e-01 
-2.488953e-13 
-3.826834e-01 
-7.071068e-01 
-9.238795e-01 
-1 
-9.238795e-01 
-7.071068e-01 
-3.826834e-01 
-1.578298e-13 
3.826834e-01 
7.071068e-01 
9.238795e-01 
1 
9.238795e-01 
7.071068e-01 
3.826834e-01 
1.098076e-13 
-3.826834e-01 
-7.071068e-01 
-9.238795e-01 
-1 
-9.238795e-01 
-7.071068e-01 
-3.826834e-01 
-6.178533e-14 
3.826834e-01 
7.071068e-01 
9.238795e-01 
1 
9.238795e-01 
7.071068e-01 
3.826834e-01 
1.376309e-14 
-3.826834e-01 
-7.071068e-01 
-9.238795e-01 
-1 
-9.238795e-01 
-7.071068e-01 
-3.826834e-01 
3.425916e-14 
3.826834e-01 
7.071068e-01 
9.238795e-01 
1 
9.238795e-01 
7.071068e-01 
3.826834e-01 
3.724659e-13 
-3.826834e-01 
-7.071068e-01 
-9.238795e-01 
-1 
-9.238795e-01 
-7.071068e-01 
-3.826834e-01 
-3.244437e-13 
3.826834e-01 
7.071068e-01 
9.238795e-01 
1 
9.238795e-01 
7.071068e-01 
3.826834e-01 
2.764214e-13 
-3.826834e-01 
-7.071068e-01 
-9.238795e-01 
-1 
-9.238795e-01 
-7.071068e-01 
-3.826834e-01 
-2.283992e-13 
3.826834e-01 
7.071068e-01 
9.238795e-01 
1 
9.238795e-01 
7.071068e-01 
3.826834e-01 
1.803769e-13 
-3.826834e-01 
-7.071068e-01 
-9.238795e-01 
-1 
-9.238795e-01 
-7.071068e-01 
-3.826834e-01 
3.223926e-13 
3.826834e-01 
7.071068e-01 
9.238795e-01 
1 
9.238795e-01 
7.071068e-01 
3.826834e-01 
-3.704149e-13 
-3.826834e-01 
-7.071068e-01 
-9.238795e-01 
-1 
-9.238795e-01 
-7.071068e-01 
-3.826834e-01 
-3.631021e-14 
3.826834e-01 
7.071068e-01 
9.238795e-01 
1 
9.238795e-01 
7.071068e-01 
3.826834e-01 
-1.171204e-14 
-3.826834e-01 
-7.071068e-01 
-9.238795e-01 
-1 
-9.238795e-01 
-7.071068e-01 
-3.826834e-01 
5.973429e-14 
3.826834e-01 
7.071068e-01 
9.238795e-01 
1 
9.238795e-01 
7.071068e-01 
3.826834e-01 
-1.077565e-13 
-3.826834e-01 
-7.071068e-01 
-9.238795e-01 
-1 
-9.238795e-01 
-7.071068e-01 
-3.826834e-01 
1.557788e-13 
3.826834e-01 
7.071068e-01 
9.238795e-01 
1 
9.238795e-01 
7.071068e-01 
3.826834e-01 
-2.038010e-13 
-3.826834e-01 
-7.071068e-01 
-9.238795e-01 
-1 
-9.238795e-01 
-7.071068e-01 
-3.826834e-01 
-2.029241e-13 
3.826834e-01 
7.071068e-01 
9.238795e-01 
1 
9.238795e-01 
7.071068e-01 
3.826834e-01 
1.549018e-13 
-3.826834e-01 
-7.071068e-01 
-9.238795e-01 
-1 
-9.238795e-01 
-7.071068e-01 
-3.826834e-01 
-1.068796e-13 
3.826834e-01 
7.071068e-01 
9.238795e-01 
1 
9.238795e-01 
7.071068e-01 
3.826834e-01 
5.885732e-14 
-3.826834e-01 
-7.071068e-01 
-9.238795e-01 
-1 
-9.238795e-01 
-7.071068e-01 
-3.826834e-01 
-1.083508e-14 
3.826834e-01 
7.071068e-01 
9.238795e-01 
1 
9.238795e-01 
7.071068e-01 
3.826834e-01 
4.175602e-13 
-3.826834e-01 
-7.071068e-01 
-9.238795e-01 
-1 
-9.238795e-01 
-7.071068e-01 
-3.826834e-01 
8.520942e-14 
3.826834e-01 
7.071068e-01 
9.238795e-01 
1 
9.238795e-01 
7.071068e-01 
3.826834e-01 
-5.879790e-13 
-3.826834e-01 
-7.071068e-01 
-9.238795e-01 
-1 
-9.238795e-01 
-7.071068e-01 
-3.826834e-01 
1.812539e-13 
3.826834e-01 
7.071068e-01 
9.238795e-01 
1 
9.238795e-01 
7.071068e-01 
3.826834e-01 
2.254712e-13 
-3.826834e-01 
-7.071068e-01 
-9.238795e-01 
-1 
-9.238795e-01 
-7.071068e-01 
-3.826834e-01 
2.772984e-13 
3.826834e-01 
7.071068e-01 
9.238795e-01 
1 
9.238795e-01 
7.071068e-01 
3.826834e-01 
1.294267e-13 
-3.826834e-01 
-7.071068e-01 
-9.238795e-01 
-1 
-9.238795e-01 
-7.071068e-01 
-3.826834e-01 
3.733429e-13 
3.826834e-01 
7.071068e-01 
9.238795e-01 
1 
9.238795e-01 
7.071068e-01 
3.826834e-01 
3.338219e-14 
-3.826834e-01 
-7.071068e-01 
-9.238795e-01 
-1 
-9.238795e-01 
-7.071068e-01 
-3.826834e-01 
4.693874e-13 
3.826834e-01 
7.071068e-01 
9.238795e-01 
1 
9.238795e-01 
7.071068e-01 
3.826834e-01 
-6.266230e-14 
-3.826834e-01 
-7.071068e-01 
-9.238795e-01 
-1 
-9.238795e-01 
-7.071068e-01 
-3.826834e-01 
-3.440628e-13 
3.826834e-01 
7.071068e-01 
9.238795e-01 
1 
9.238795e-01 
7.071068e-01 
3.826834e-01 
-1.587068e-13 
-3.826834e-01 
-7.071068e-01 
-9.238795e-01 
-1 
-9.238795e-01 
-7.071068e-01 
-3.826834e-01 
-2.480183e-13 
3.826834e-01 
7.071068e-01 
9.238795e-01 
1 
9.238795e-01 
7.071068e-01 
3.826834e-01 
-2.547513e-13 
-3.826834e-01 
-7.071068e-01 
-9.238795e-01 
-1 
-9.238795e-01 
-7.071068e-01 
-3.826834e-01 
-1.519738e-13 
3.826834e-01 
7.071068e-01 
9.238795e-01 
1 
9.238795e-01 
7.071068e-01 
3.826834e-01 
5.586989e-13 
-3.826834e-01 
-7.071068e-01 
-9.238795e-01 
-1 
-9.238795e-01 
-7.071068e-01 
-3.826834e-01 
-5.592931e-14 
3.826834e-01 
7.071068e-01 
9.238795e-01 
1 
9.238795e-01 
7.071068e-01 
3.826834e-01 
4.626544e-13 
-3.826834e-01 
-7.071068e-01 
-9.238795e-01 
-1 
-9.238795e-01 
-7.071068e-01 
-3.826834e-01 
4.011518e-14 
3.826834e-01 
7.071068e-01 
9.238795e-01 
1 
9.238795e-01 
7.071068e-01 
3.826834e-01 
-5.428848e-13 
-3.826834e-01 
-7.071068e-01 
-9.238795e-01 
-1 
-9.238795e-01 
-7.071068e-01 
-3.826834e-01 
1.361597e-13 
3.826834e-01 
7.071068e-01 
9.238795e-01 
1 
9.238795e-01 
7.071068e-01 
3.826834e-01 
2.705654e-13 
-3.826834e-01 
-7.071068e-01 
-9.238795e-01 
-1 
-9.238795e-01 
-7.071068e-01 
-3.826834e-01 
2.322042e-13 
3.826834e-01 
7.071068e-01 
9.238795e-01 
1 
9.238795e-01 
7.071068e-01 
3.826834e-01 
1.745209e-13 
-3.826834e-01 
-7.071068e-01 
-9.238795e-01 
-1 
-9.238795e-01 
-7.071068e-01 
-3.826834e-01 
3.282487e-13 
3.826834e-01 
7.071068e-01 
9.238795e-01 
1 
9.238795e-01 
7.071068e-01 
3.826834e-01 
7.847643e-14 
-3.826834e-01 
-7.071068e-01 
-9.238795e-01 
-1 
-9.238795e-01 
-7.071068e-01 
-3.826834e-01 
-4.852015e-13 
3.826834e-01 
7.071068e-01 
9.238795e-01 
1 
9.238795e-01 
7.071068e-01 
3.826834e-01 
-1.756806e-14 
-3.826834e-01 
-7.071068e-01 
-9.238795e-01 
-1 
-9.238795e-01 
-7.071068e-01 
-3.826834e-01 
-3.891570e-13 
3.826834e-01 
7.071068e-01 
9.238795e-01 
1 
9.238795e-01 
7.071068e-01 
3.826834e-01 
-1.136126e-13 
-3.826834e-01 
-7.071068e-01 
-9.238795e-01 
-1 
-9.238795e-01 
-7.071068e-01 
-3.826834e-01 
-2.931125e-13 
3.826834e-01 
7.071068e-01 
9.238795e-01 
1 
9.238795e-01 
7.071068e-01 
3.826834e-01 
6.998376e-13 
-3.826834e-01 
-7.071068e-01 
-9.238795e-01 
-1 
-9.238795e-01 
-7.071068e-01 
-3.826834e-01 
-1.970680e-13 
3.826834e-01 
7.071068e-01 
9.238795e-01 
1 
9.238795e-01 
7.071068e-01 
3.826834e-01 
-3.057016e-13 
-3.826834e-01 
-7.071068e-01 
-9.238795e-01 
-1 
-9.238795e-01 
-7.071068e-01 
-3.826834e-01 
-1.010236e-13 
3.826834e-01 
7.071068e-01 
9.238795e-01 
1 
9.238795e-01 
7.071068e-01 
3.826834e-01 
-4.017460e-13 
-3.826834e-01 
-7.071068e-01 
-9.238795e-01 
-1 
-9.238795e-01 
-7.071068e-01 
-3.826834e-01 
-4.979055e-15 
3.826834e-01 
7.071068e-01 
9.238795e-01 
1 
9.238795e-01 
7.071068e-01 
3.826834e-01 
-4.977905e-13 
-3.826834e-01 
-7.071068e-01 
-9.238795e-01 
-1 
-9.238795e-01 
-7.071068e-01 
-3.826834e-01 
9.106544e-14 
3.826834e-01 
7.071068e-01 
9.238795e-01 
1 
9.238795e-01 
7.071068e-01 
3.826834e-01 
3.156597e-13 
-3.826834e-01 
-7.071068e-01 
-9.238795e-01 
-1 
-9.238795e-01 
-7.071068e-01 
-3.826834e-01 
1.871099e-13 
3.826834e-01 
7.071068e-01 
9.238795e-01 
1 
9.238795e-01 
7.071068e-01 
3.826834e-01 
2.196152e-13 
-3.826834e-01 
-7.071068e-01 
-9.238795e-01 
-1 
-9.238795e-01 
-7.071068e-01 
-3.826834e-01 
2.831544e-13 
3.826834e-01 
7.071068e-01 
9.238795e-01 
1 
9.238795e-01 
7.071068e-01 
3.826834e-01 
1.235707e-13 
-3.826834e-01 
-7.071068e-01 
-9.238795e-01 
-1 
-9.238795e-01 
-7.071068e-01 
-3.826834e-01 
-5.302958e-13 
3.826834e-01 
7.071068e-01 
9.238795e-01 
1 
9.238795e-01 
7.071068e-01 
3.826834e-01 
2.752617e-14 
-3.826834e-01 
-7.071068e-01 
-9.238795e-01 
-1 
-9.238795e-01 
-7.071068e-01 
-3.826834e-01 
-4.342513e-13 
3.826834e-01 
7.071068e-01 
9.238795e-01 
1 
9.238795e-01 
7.071068e-01 
3.826834e-01 
-6.851832e-14 
-3.826834e-01 
-7.071068e-01 
-9.238795e-01 
-1 
-9.238795e-01 
-7.071068e-01 
-3.826834e-01 
-3.382068e-13 
3.826834e-01 
7.071068e-01 
9.238795e-01 
1 
9.238795e-01 
7.071068e-01 
3.826834e-01 
7.449319e-13 
-3.826834e-01 
-7.071068e-01 
-9.238795e-01 
-1 
-9.238795e-01 
-7.071068e-01 
-3.826834e-01 
-2.421623e-13 
3.826834e-01 
7.071068e-01 
9.238795e-01 
1 
9.238795e-01 
7.071068e-01 
3.826834e-01 
6.488874e-13 
-3.826834e-01 
-7.071068e-01 
-9.238795e-01 
-1 
-9.238795e-01 
-7.071068e-01 
-3.826834e-01 
-1.461178e-13 
3.826834e-01 
7.071068e-01 
9.238795e-01 
1 
9.238795e-01 
7.071068e-01 
3.826834e-01 
5.528429e-13 
-3.826834e-01 
-7.071068e-01 
-9.238795e-01 
-1 
-9.238795e-01 
-7.071068e-01 
-3.826834e-01 
-9.595680e-13 
3.826834e-01 
7.071068e-01 
9.238795e-01 
1 
9.238795e-01 
7.071068e-01 
3.826834e-01 
4.567984e-13 
-3.826834e-01 
-7.071068e-01 
-9.238795e-01 
-1 
-9.238795e-01 
-7.071068e-01 
-3.826834e-01 
-8.635235e-13 
3.826834e-01 
7.071068e-01 
9.238795e-01 
1 
9.238795e-01 
7.071068e-01 
3.826834e-01 
3.607539e-13 
-3.826834e-01 
-7.071068e-01 
-9.238795e-01 
-1 
-9.238795e-01 
-7.071068e-01 
-3.826834e-01 
1.420157e-13 
3.826834e-01 
7.071068e-01 
9.238795e-01 
1 
9.238795e-01 
7.071068e-01 
3.826834e-01 
-6.447853e-13 
-3.826834e-01 
-7.071068e-01 
-9.238795e-01 
-1 
-9.238795e-01 
-7.071068e-01 
-3.826834e-01 
2.380602e-13 
3.826834e-01 
7.071068e-01 
9.238795e-01 
1 
9.238795e-01 
7.071068e-01 
3.826834e-01 
-7.408298e-13 
-3.826834e-01 
-7.071068e-01 
-9.238795e-01 
-1 
-9.238795e-01 
-7.071068e-01 
-3.826834e-01 
3.341047e-13 
3.826834e-01 
7.071068e-01 
9.238795e-01 
1 
9.238795e-01 
7.071068e-01 
3.826834e-01 
7.262041e-14 
-3.826834e-01 
-7.071068e-01 
-9.238795e-01 
-1 
-9.238795e-01 
-7.071068e-01 
-3.826834e-01 
4.301492e-13 
3.826834e-01 
7.071068e-01 
9.238795e-01 
1 
9.238795e-01 
7.071068e-01 
3.826834e-01 
-2.342409e-14 
-3.826834e-01 
-7.071068e-01 
-9.238795e-01 
-1 
-9.238795e-01 
-7.071068e-01 
-3.826834e-01 
5.261937e-13 
3.826834e-01 
7.071068e-01 
9.238795e-01 
1 
9.238795e-01 
7.071068e-01 
3.826834e-01 
-1.194686e-13 
-3.826834e-01 
-7.071068e-01 
-9.238795e-01 
-1 
-9.238795e-01 
-7.071068e-01 
-3.826834e-01 
-2.872565e-13 
3.826834e-01 
7.071068e-01 
9.238795e-01 
1 
9.238795e-01 
7.071068e-01 
3.826834e-01 
-2.155131e-13 
-3.826834e-01 
-7.071068e-01 
-9.238795e-01 
-1 
-9.238795e-01 
-7.071068e-01 
-3.826834e-01 
-1.912120e-13 
3.826834e-01 
7.071068e-01 
9.238795e-01 
1 
9.238795e-01 
7.071068e-01 
3.826834e-01 
-3.115576e-13 
-3.826834e-01 
-7.071068e-01 
-9.238795e-01 
-1 
-9.238795e-01 
-7.071068e-01 
-3.826834e-01 
-9.516753e-14 
3.826834e-01 
7.071068e-01 
9.238795e-01 
1 
9.238795e-01 
7.071068e-01 
3.826834e-01 
