0 
12 
-20 
-5 
-21 
-55 
-48 
-32 
-29 
-48 
-49 
-82 
-50 
2 
12 
6 
-4 
-4 
8 
-3 
-24 
-29 
-46 
-51 
-33 
-25 
-10 
-14 
1 
-3 
21 
-10 
7 
24 
40 
69 
67 
33 
34 
59 
28 
-21 
-34 
-55 
-78 
-31 
-42 
-66 
-65 
-54 
-35 
-21 
-18 
-65 
-91 
-66 
-67 
-53 
-78 
-70 
-42 
-22 
10 
-3 
-27 
-23 
-8 
1 
-6 
5 
-15 
0 
24 
37 
15 
20 
2 
34 
69 
46 
50 
49 
44 
28 
41 
15 
-37 
-13 
-37 
-37 
-8 
-23 
-5 
-9 
15 
31 
49 
3 
-9 
11 
19 
32 
46 
22 
2 
26 
30 
42 
19 
13 
0 
13 
16 
33 
26 
5 
10 
10 
-8 
-39 
-3 
5 
32 
57 
16 
-11 
-14 
7 
14 
10 
-16 
-50 
-28 
-13 
-9 
-12 
-52 
-62 
-70 
-73 
-45 
-43 
-53 
-66 
-55 
-40 
-55 
-49 
-60 
-34 
-15 
-3 
0 
8 
31 
32 
27 
5 
-13 
13 
35 
10 
19 
28 
6 
-21 
18 
18 
-17 
13 
9 
13 
16 
38 
15 
-24 
-15 
-40 
-38 
-32 
13 
19 
6 
35 
50 
38 
46 
38 
13 
-1 
9 
-14 
-31 
-1 
-40 
-26 
-55 
-68 
-66 
-61 
-61 
-71 
-58 
-78 
-55 
-25 
-34 
-17 
-11 
-36 
22 
37 
43 
44 
70 
34 
47 
55 
42 
47 
47 
25 
-18 
-11 
-13 
-5 
-19 
-39 
-24 
-18 
12 
38 
27 
40 
51 
75 
64 
57 
47 
27 
39 
15 
-15 
-24 
-17 
-20 
-2 
-9 
-29 
-7 
-8 
-15 
-33 
-37 
-22 
-11 
-15 
-42 
-15 
13 
27 
76 
68 
77 
103 
122 
87 
80 
72 
36 
21 
14 
22 
23 
31 
0 
2 
17 
-18 
-7 
-20 
-17 
-10 
22 
48 
59 
88 
43 
51 
38 
25 
5 
3 
-5 
-32 
20 
23 
31 
32 
22 
-29 
-63 
-55 
-51 
-77 
-94 
-94 
-78 
-35 
-3 
12 
-28 
-19 
-28 
-4 
12 
-29 
-29 
-21 
-17 
-32 
-62 
-87 
-110 
-93 
-136 
-147 
-123 
-104 
-81 
-60 
-32 
-13 
-4 
12 
-5 
-15 
10 
8 
-20 
-39 
-37 
-44 
-49 
-36 
-36 
-30 
-14 
-39 
-36 
-26 
-39 
-9 
-4 
-23 
-48 
-26 
-23 
-18 
17 
-1 
10 
29 
31 
8 
27 
4 
18 
17 
0 
-10 
-16 
0 
5 
-1 
7 
-25 
-25 
-24 
-4 
0 
23 
36 
-12 
-6 
-27 
2 
-12 
-21 
-58 
-58 
2 
4 
49 
11 
40 
31 
39 
53 
10 
11 
-18 
22 
28 
31 
16 
23 
59 
42 
47 
8 
-15 
-14 
13 
12 
-1 
10 
-2 
40 
33 
55 
60 
51 
37 
46 
45 
24 
15 
18 
-43 
-45 
-41 
-31 
-9 
-32 
-36 
-20 
27 
19 
27 
10 
7 
47 
62 
42 
42 
9 
-9 
9 
12 
-36 
-47 
-61 
-79 
-70 
-82 
-106 
-117 
-88 
-64 
-73 
-64 
-58 
-55 
-65 
-97 
-98 
-114 
-91 
-107 
-113 
-101 
-59 
-30 
-53 
-53 
-38 
-15 
31 
51 
34 
20 
11 
0 
-13 
-21 
-43 
-47 
-47 
-2 
19 
29 
50 
55 
61 
42 
27 
1 
-10 
7 
-23 
-1 
-14 
9 
8 
12 
0 
-20 
-25 
-47 
-25 
-32 
4 
-4 
18 
50 
68 
78 
97 
82 
48 
49 
45 
24 
50 
55 
16 
49 
69 
47 
52 
50 
14 
-20 
-34 
-58 
-82 
-62 
-68 
-100 
-101 
-64 
-62 
-44 
10 
17 
28 
66 
59 
45 
60 
32 
10 
3 
-8 
-6 
33 
34 
28 
14 
-22 
-40 
-38 
-43 
-74 
-89 
-106 
-81 
-57 
-30 
-16 
-20 
-4 
-8 
30 
23 
20 
28 
21 
16 
-33 
-11 
-26 
-25 
-18 
-19 
13 
-5 
57 
53 
30 
40 
76 
61 
16 
10 
-22 
-22 
9 
-3 
-47 
-32 
-12 
7 
9 
12 
-8 
-2 
24 
17 
-4 
-25 
-33 
-39 
-15 
-2 
-28 
-49 
-36 
12 
24 
12 
-6 
-36 
-24 
10 
5 
10 
10 
24 
23 
68 
57 
39 
56 
9 
33 
53 
63 
2 
-4 
-8 
-27 
-12 
-21 
-36 
-52 
-25 
-38 
-4 
-10 
-5 
-12 
-27 
1 
13 
28 
14 
35 
30 
9 
21 
2 
-6 
12 
-1 
1 
14 
43 
36 
31 
39 
30 
36 
33 
16 
8 
37 
55 
27 
37 
49 
62 
89 
81 
33 
10 
30 
19 
-16 
-40 
-64 
-37 
-26 
-56 
-84 
-114 
-73 
-85 
-75 
-114 
-117 
-100 
-59 
-37 
-81 
-53 
-41 
-36 
-36 
-3 
-41 
-6 
9 
14 
2 
0 
-4 
-33 
-25 
-42 
-24 
-38 
-38 
-26 
-6 
-33 
-1 
-5 
-12 
-4 
-8 
-15 
-33 
9 
1 
-24 
-7 
-8 
-14 
8 
26 
49 
52 
82 
84 
51 
78 
54 
28 
11 
-24 
-45 
-82 
-36 
-58 
-64 
-41 
-23 
16 
25 
44 
29 
41 
64 
80 
43 
47 
29 
26 
21 
3 
26 
3 
29 
31 
20 
5 
19 
37 
-6 
-3 
4 
-17 
-2 
1 
19 
19 
25 
10 
-29 
-24 
-4 
23 
-15 
-61 
-61 
-43 
-17 
-11 
-40 
-65 
-47 
-6 
-28 
-48 
-48 
-56 
-19 
-17 
-35 
-50 
-18 
-12 
-21 
-17 
-53 
-67 
-71 
-58 
-37 
-25 
-15 
-55 
-42 
-9 
-4 
-28 
-66 
-71 
-37 
-16 
-9 
-23 
-6 
0 
-5 
-24 
-49 
-33 
-24 
-37 
-88 
-65 
-72 
-65 
-78 
-40 
-54 
-38 
-5 
-18 
19 
31 
18 
-38 
-5 
-22 
-16 
29 
-35 
-17 
11 
37 
40 
24 
11 
-33 
30 
5 
6 
-3 
-45 
-44 
-32 
-23 
-43 
17 
37 
56 
62 
95 
78 
72 
70 
38 
32 
7 
26 
33 
49 
32 
44 
25 
8 
16 
29 
31 
28 
60 
61 
71 
62 
72 
48 
20 
11 
-12 
2 
-29 
-47 
-39 
-65 
-41 
-6 
15 
2 
20 
32 
-6 
3 
-32 
-24 
-60 
-55 
-45 
-32 
-43 
-12 
-9 
-41 
-13 
-25 
-30 
-71 
-3 
5 
33 
18 
32 
41 
15 
60 
11 
6 
-13 
6 
-5 
4 
17 
9 
31 
-2 
-6 
0 
-1 
-46 
-41 
-36 
-48 
-18 
-6 
-5 
-4 
62 
103 
100 
81 
58 
81 
59 
52 
-1 
-38 
-55 
-51 
-64 
-74 
-71 
-55 
-37 
-32 
-26 
-11 
12 
-19 
-17 
-24 
-30 
-9 
13 
-4 
-3 
42 
74 
41 
39 
12 
28 
16 
11 
23 
7 
22 
-2 
20 
-19 
20 
26 
-16 
-39 
-40 
14 
3 
32 
15 
9 
8 
12 
28 
2 
7 
6 
-1 
4 
-1 
52 
87 
101 
123 
170 
205 
237 
293 
299 
229 
161 
119 
34 
-20 
-96 
-180 
-246 
-201 
-113 
-66 
-25 
17 
109 
173 
168 
137 
73 
2 
-74 
-129 
-233 
-309 
-302 
-242 
-175 
-107 
-30 
55 
141 
228 
275 
200 
148 
52 
4 
-97 
-164 
-222 
-257 
-203 
-164 
-60 
-23 
75 
158 
187 
207 
156 
99 
27 
-11 
-56 
-126 
-152 
-212 
-115 
-42 
2 
78 
121 
182 
217 
258 
171 
111 
79 
-12 
-88 
-142 
-171 
-184 
-152 
-74 
-37 
53 
110 
159 
201 
235 
180 
72 
26 
-54 
-91 
-176 
-234 
-265 
-201 
-87 
-11 
50 
89 
194 
252 
305 
245 
157 
67 
15 
-55 
-154 
-199 
-244 
-171 
-123 
-28 
18 
77 
165 
215 
247 
181 
130 
24 
-10 
-56 
-126 
-198 
-259 
-188 
-106 
-23 
34 
83 
138 
210 
264 
193 
79 
26 
-43 
-71 
-139 
-221 
-262 
-212 
-143 
-82 
-69 
-1 
89 
190 
266 
220 
185 
128 
74 
-18 
-105 
-215 
-295 
-251 
-191 
-138 
-54 
14 
84 
151 
192 
166 
96 
36 
0 
-94 
-171 
-243 
-267 
-224 
-167 
-95 
-7 
87 
177 
266 
291 
247 
212 
115 
34 
-37 
-130 
-180 
-198 
-150 
-118 
-29 
20 
89 
175 
220 
252 
185 
144 
63 
-1 
-35 
-130 
-214 
-225 
-160 
-122 
-32 
25 
75 
162 
268 
279 
231 
209 
139 
64 
-2 
-74 
-157 
-215 
-213 
-171 
-101 
-29 
11 
97 
170 
205 
197 
138 
74 
12 
-27 
-134 
-204 
-220 
-260 
-241 
-235 
-217 
-211 
-166 
-171 
-197 
-112 
-79 
1 
45 
99 
131 
241 
291 
264 
220 
124 
74 
6 
-44 
-150 
-173 
-164 
-133 
-71 
-8 
50 
115 
178 
213 
188 
134 
79 
12 
-92 
-167 
-232 
-286 
-277 
-222 
-143 
-102 
17 
80 
152 
184 
195 
219 
207 
242 
224 
215 
229 
243 
231 
164 
106 
-11 
-59 
-80 
-177 
-242 
-247 
-267 
-300 
-274 
-270 
-281 
-257 
-243 
-203 
-123 
-42 
33 
99 
153 
197 
244 
266 
290 
286 
280 
272 
267 
282 
262 
162 
48 
13 
-88 
-165 
-211 
-282 
-289 
-185 
-79 
-31 
83 
140 
212 
305 
333 
270 
171 
112 
50 
11 
-83 
-163 
-187 
-158 
-93 
-64 
-4 
57 
118 
173 
174 
137 
85 
21 
-72 
-157 
-211 
-256 
-245 
-185 
-96 
-11 
68 
134 
182 
249 
250 
183 
112 
53 
9 
-44 
-101 
-186 
-233 
-243 
-277 
-313 
-342 
-337 
-326 
-328 
-306 
-225 
-126 
-27 
42 
103 
153 
234 
253 
158 
97 
65 
-11 
-75 
-138 
-206 
-225 
-160 
-114 
-93 
-29 
-3 
67 
152 
206 
148 
84 
40 
-5 
-60 
-87 
-181 
-231 
-169 
-87 
-41 
41 
143 
169 
222 
260 
210 
147 
107 
17 
-83 
-121 
-172 
-205 
-145 
-85 
-61 
21 
121 
164 
228 
266 
270 
245 
258 
257 
245 
250 
268 
248 
196 
132 
54 
-25 
-83 
-129 
-211 
-265 
-284 
-265 
-239 
-253 
-283 
-323 
-336 
-309 
-240 
-166 
-96 
-11 
55 
148 
222 
248 
193 
92 
15 
-50 
-89 
-193 
-292 
-304 
-270 
-202 
-136 
-82 
-38 
66 
159 
192 
141 
112 
59 
6 
-34 
-106 
-129 
-184 
-121 
-94 
-40 
46 
133 
190 
242 
293 
331 
336 
333 
314 
290 
317 
349 
321 
211 
161 
96 
31 
-57 
-128 
-243 
-283 
-261 
-236 
-259 
-257 
-259 
-290 
-289 
-268 
-242 
-194 
-104 
-34 
69 
137 
234 
286 
318 
319 
359 
330 
311 
316 
255 
218 
181 
73 
-21 
-104 
-161 
-194 
-244 
-268 
-293 
-254 
-263 
-250 
-276 
-327 
-307 
-293 
-221 
-142 
-83 
3 
101 
208 
243 
285 
287 
274 
281 
294 
248 
229 
255 
238 
175 
90 
15 
-61 
-119 
-171 
-244 
-287 
-317 
-299 
-298 
-300 
-297 
-341 
-343 
-346 
-284 
-214 
-150 
-73 
6 
121 
174 
225 
255 
257 
254 
241 
227 
218 
254 
246 
151 
81 
57 
-4 
-45 
-134 
-221 
-238 
-151 
-101 
-36 
48 
98 
187 
235 
277 
217 
145 
75 
-1 
-54 
-108 
-173 
-217 
-168 
-93 
-62 
-5 
78 
103 
194 
229 
153 
142 
81 
13 
-82 
-119 
-200 
-215 
-133 
-123 
-56 
-1 
86 
157 
240 
269 
221 
147 
73 
10 
-59 
-118 
-190 
-236 
-213 
-140 
-92 
-6 
41 
93 
171 
210 
162 
100 
63 
-13 
-53 
-140 
-213 
-282 
-276 
-281 
-277 
-268 
-271 
-279 
-306 
-304 
-247 
-165 
-88 
-48 
7 
107 
173 
231 
198 
133 
60 
-5 
-86 
-158 
-239 
-251 
-237 
-191 
-123 
-24 
53 
114 
218 
251 
230 
183 
111 
56 
24 
-58 
-109 
-169 
-130 
-57 
-34 
3 
33 
105 
151 
198 
231 
241 
279 
311 
314 
329 
329 
291 
208 
143 
93 
-7 
-66 
-123 
-185 
-217 
-244 
-264 
-316 
-281 
-262 
-295 
-311 
-276 
-196 
-146 
-40 
6 
39 
114 
193 
218 
228 
257 
247 
250 
297 
287 
297 
320 
245 
168 
144 
53 
-44 
-92 
-165 
-262 
-248 
-253 
-323 
-335 
-330 
-342 
-330 
-305 
-232 
-175 
-70 
21 
68 
153 
201 
237 
210 
214 
221 
216 
208 
207 
211 
214 
151 
85 
12 
-35 
-69 
-160 
-229 
-271 
-251 
-241 
-243 
-257 
-272 
-272 
-286 
-266 
-211 
-128 
-67 
-1 
84 
167 
271 
331 
282 
210 
167 
65 
-31 
-64 
-144 
-206 
-152 
-113 
-66 
25 
115 
166 
208 
238 
186 
149 
85 
44 
-43 
-138 
-173 
-224 
-185 
-161 
-97 
-78 
3 
74 
155 
221 
255 
266 
267 
291 
267 
301 
280 
281 
202 
168 
93 
41 
-8 
-84 
-190 
-230 
-241 
-240 
-246 
-267 
-250 
-271 
-225 
-243 
-147 
-106 
-31 
39 
67 
149 
220 
276 
186 
113 
47 
-13 
-65 
-160 
-222 
-291 
-213 
-142 
-91 
-27 
71 
131 
157 
222 
222 
214 
241 
245 
256 
314 
330 
329 
236 
173 
89 
47 
-53 
-143 
-195 
-213 
-135 
-72 
9 
53 
105 
153 
212 
246 
175 
93 
12 
-71 
-142 
-202 
-261 
-329 
-240 
-113 
-47 
35 
108 
174 
255 
297 
199 
96 
27 
-21 
-78 
-172 
-249 
-274 
-193 
-111 
-48 
3 
76 
172 
221 
278 
217 
159 
134 
64 
-9 
-66 
-135 
-213 
-218 
-219 
-252 
-230 
-256 
-246 
-241 
-201 
-134 
-80 
-3 
21 
127 
190 
241 
276 
293 
284 
267 
302 
294 
261 
262 
215 
109 
28 
-22 
-77 
-138 
-181 
-231 
-228 
-155 
-62 
9 
25 
112 
153 
200 
202 
185 
105 
10 
-18 
-121 
-187 
-258 
-291 
-307 
-283 
-274 
-282 
-278 
-249 
-239 
-222 
-183 
-129 
-45 
-5 
59 
115 
202 
233 
258 
295 
304 
331 
347 
369 
399 
413 
359 
254 
155 
78 
-9 
-94 
-196 
-248 
-250 
-281 
-261 
-246 
-258 
-255 
-253 
-277 
-222 
-126 
-53 
-13 
93 
153 
221 
302 
192 
116 
47 
-8 
-95 
-179 
-257 
-299 
-237 
-170 
-108 
-43 
5 
91 
166 
203 
223 
243 
234 
203 
223 
213 
195 
189 
160 
99 
12 
-19 
-77 
-141 
-189 
-232 
-208 
-137 
-10 
67 
92 
176 
239 
251 
212 
117 
30 
-62 
-118 
-208 
-271 
-276 
-236 
-167 
-109 
-5 
60 
139 
202 
235 
217 
160 
108 
14 
-35 
-95 
-180 
-221 
-261 
-258 
-288 
-282 
-275 
-294 
-278 
-270 
-222 
-170 
-121 
-29 
64 
165 
211 
223 
258 
239 
271 
236 
209 
208 
232 
210 
162 
130 
37 
0 
-78 
-164 
-248 
-250 
-268 
-256 
-234 
-237 
-239 
-259 
-249 
-266 
-196 
-146 
-102 
-49 
21 
113 
199 
280 
219 
144 
84 
-36 
-82 
-168 
-221 
-286 
-226 
-165 
-65 
71 
111 
154 
192 
237 
172 
128 
33 
-19 
-58 
-96 
-134 
-133 
-41 
11 
84 
103 
144 
246 
299 
298 
199 
168 
108 
35 
-2 
-110 
-182 
-220 
-159 
-135 
-61 
19 
81 
176 
262 
300 
310 
304 
292 
318 
305 
323 
298 
308 
213 
155 
112 
44 
-25 
-115 
-181 
-227 
-207 
-185 
-198 
-209 
-219 
-216 
-234 
-223 
-165 
-115 
-96 
-36 
32 
40 
105 
143 
153 
146 
176 
195 
184 
229 
216 
203 
143 
115 
48 
-66 
-97 
-177 
-223 
-277 
-223 
-215 
-156 
-85 
-53 
-7 
15 
65 
33 
25 
8 
24 
18 
19 
56 
47 
10 
4 
14 
5 
-9 
14 
-24 
-56 
-33 
-46 
-48 
-65 
-43 
-96 
-100 
-101 
-71 
-48 
-45 
-41 
-42 
-17 
-23 
7 
-8 
4 
13 
-34 
-72 
-72 
-6 
19 
10 
12 
5 
47 
65 
87 
29 
-18 
-36 
-44 
-66 
-69 
-54 
-60 
-24 
18 
33 
38 
75 
74 
87 
83 
84 
82 
106 
95 
59 
61 
89 
91 
75 
57 
35 
43 
61 
64 
5 
-19 
2 
-17 
-3 
-5 
-5 
-5 
0 
23 
20 
39 
59 
21 
2 
8 
5 
4 
-38 
-28 
-65 
-35 
-51 
-99 
-53 
-30 
12 
14 
26 
26 
63 
132 
115 
83 
87 
67 
101 
114 
120 
114 
94 
