0 0
-29 0
-4 0
-33 0
7 0
28 0
-65 0
-67 0
-27 0
24 0
50 0
-37 0
49 0
2 0
16 0
-3 0
14 0
-52 0
-55 0
0 0
35 0
-17 0
-15 0
50 0
-31 0
-61 0
-11 0
47 0
-13 0
27 0
39 0
-29 0
-15 0
103 0
22 0
-20 0
51 0
23 0
-77 0
-19 0
-32 0
-104 0
-15 0
-36 0
-9 0
-1 0
17 0
-25 0
-6 0
4 0
11 0
42 0
10 0
46 0
-31 0
10 0
9 0
-106 0
-65 0
-59 0
34 0
-47 0
27 0
8 0
4 0
48 0
69 0
-82 0
10 0
10 0
-22 0
-57 0
20 0
-18 0
76 0
-47 0
24 0
-28 0
-24 0
57 0
-4 0
-38 0
28 0
12 0
30 0
37 0
19 0
-114 0
-37 0
-6 0
-42 0
-5 0
-24 0
82 0
-45 0
25 0
29 0
20 0
-2 0
-4 0
-40 0
-19 0
-53 0
-42 0
-9 0
-24 0
-54 0
-5 0
40 0
-45 0
62 0
26 0
29 0
48 0
-65 0
3 0
-12 0
5 0
6 0
-2 0
-18 0
58 0
-64 0
12 0
-3 0
11 0
26 0
9 0
4 0
237 0
-96 0
109 0
-233 0
141 0
-164 0
158 0
-126 0
182 0
-142 0
224 1
-256 1
290 1
-232 1
238 1
-242 1
248 1
-252 1
249 1
-283 1
185 1
-264 1
287 1
-196 1
247 1
-224 1
277 1
-210 1
201 1
-219 1
-195 1
287 1
-172 1
210 1
-286 1
184 1
243 1
-243 1
-242 1
246 1
255 1
-286 1
331 1
-186 1
171 1
-245 1
250 1
-234 1
-306 1
253 1
-224 1
202 1
-228 1
257 1
-202 1
263 1
249 1
-262 1
-313 1
243 1
-303 1
185 1
-176 1
285 1
327 1
-276 1
-274 1
274 1
228 1
-262 1
-297 1
271 1
242 1
-278 1
-346 1
213 1
247 1
-235 1
269 1
-208 1
223 1
-213 1
264 1
-231 1
205 1
-276 1
-305 1
223 1
-250 1
247 1
-166 1
198 1
293 1
-216 1
-280 1
214 1
317 1
-253 1
-308 1
231 1
213 1
-266 1
-268 1
325 1
-203 1
234 1
-221 1
216 1
280 1
-229 1
-242 1
272 1
-287 1
217 1
329 1
-211 1
240 1
-315 1
289 1
-269 1
265 1
-196 1
-213 1
267 1
226 1
-229 1
201 1
-282 1
-227 1
224 1
409 1
-237 1
-272 1
284 1
-292 1
196 1
190 1
-223 1
248 1
-275 1
227 1
-213 1
-272 1
221 1
214 1
-250 1
-264 1
267 1
-278 1
231 1
-134 1
298 1
-215 1
295 1
306 1
-220 1
-225 1
140 1
204 1
-272 1
61 1
47 1
-53 1
-101 1
4 1
16 1
-13 1
11 1
82 1
59 1
-15 1
36 1
-30 1
13 1
70 1